"G","R","X","Y","alpha","beta","gamma"
1,1,1,7.96264016832319,5,3,2
1,2,1,7.74213835974229,5,3,2
1,3,1,6.99130827832913,5,3,2
1,4,1,8.51177575954488,5,3,2
1,5,1,8.17391141629639,5,3,2
1,6,1,8.61773966218013,5,3,2
1,7,1,8.53682407952228,5,3,2
1,8,1,8.1648983872434,5,3,2
1,9,1,7.77838384095062,5,3,2
1,10,1,8.76079626916283,5,3,2
1,11,1,8.85444971083542,5,3,2
1,12,1,9.25290175268935,5,3,2
1,13,1,8.76210122741395,5,3,2
1,14,1,8.36065473987922,5,3,2
1,15,1,8.2690512047035,5,3,2
1,16,1,8.17910079876954,5,3,2
1,17,1,8.15832185611133,5,3,2
1,18,1,8.19665654500959,5,3,2
1,19,1,8.40380652001541,5,3,2
1,20,1,8.77438478911082,5,3,2
1,21,1,8.06724783993328,5,3,2
1,22,1,8.2507511749044,5,3,2
1,23,1,7.73831490261309,5,3,2
1,24,1,7.64622623941808,5,3,2
1,25,1,8.10444452805886,5,3,2
1,26,1,7.09096618042634,5,3,2
1,27,1,8.23565225206125,5,3,2
1,28,1,7.18852405814834,5,3,2
1,29,1,7.74941375869106,5,3,2
1,30,1,8.85508896247404,5,3,2
1,31,1,8.5460344095505,5,3,2
1,32,1,8.17393989726773,5,3,2
1,33,1,7.7661251281341,5,3,2
1,34,1,8.0511928160387,5,3,2
1,35,1,7.84831509840414,5,3,2
1,36,1,8.47447967806857,5,3,2
1,37,1,7.83182703318384,5,3,2
1,38,1,8.60169842363485,5,3,2
1,39,1,7.99004164509757,5,3,2
1,40,1,7.35169022037211,5,3,2
1,41,1,8.18782735781357,5,3,2
1,42,1,8.32915129794738,5,3,2
1,43,1,8.59464001279697,5,3,2
1,44,1,7.44392146351338,5,3,2
1,45,1,8.8208286913656,5,3,2
1,46,1,8.69067740468135,5,3,2
1,47,1,7.9170238015285,5,3,2
1,48,1,7.24779842221759,5,3,2
1,49,1,8.03949249986014,5,3,2
1,50,1,7.5836208430324,5,3,2
1,51,1,7.41965812388147,5,3,2
1,52,1,7.62239492934814,5,3,2
1,53,1,8.08656080267901,5,3,2
1,54,1,7.90147552087254,5,3,2
1,55,1,8.21781269595013,5,3,2
1,56,1,7.37552348472397,5,3,2
1,57,1,8.44148136162825,5,3,2
1,58,1,8.06768983605139,5,3,2
1,59,1,9.06035676737639,5,3,2
1,60,1,7.22713700865639,5,3,2
1,61,1,7.4938798272253,5,3,2
1,62,1,8.06594946148639,5,3,2
1,63,1,7.10678383944562,5,3,2
1,64,1,8.50390617073067,5,3,2
2,1,1,7.4065747836586,5,3,2
2,2,1,8.10552387906045,5,3,2
2,3,1,8.24819436078998,5,3,2
2,4,1,7.62821261149349,5,3,2
2,5,1,7.6291659007256,5,3,2
2,6,1,7.45406425168139,5,3,2
2,7,1,7.51296925370329,5,3,2
2,8,1,8.03533594778231,5,3,2
2,9,1,7.47855408780358,5,3,2
2,10,1,7.84997998879144,5,3,2
2,11,1,7.64373020803512,5,3,2
2,12,1,7.55949693976866,5,3,2
2,13,1,7.44444854853613,5,3,2
2,14,1,7.8496869830041,5,3,2
2,15,1,7.58295857487031,5,3,2
2,16,1,8.76013178853871,5,3,2
2,17,1,7.55022733340422,5,3,2
2,18,1,8.14573207070512,5,3,2
2,19,1,8.29521339393299,5,3,2
2,20,1,8.01787653289451,5,3,2
2,21,1,8.6714097224104,5,3,2
2,22,1,7.36832678224865,5,3,2
2,23,1,7.42443690222847,5,3,2
2,24,1,8.259764272036,5,3,2
2,25,1,7.72618559784518,5,3,2
2,26,1,7.16295146920409,5,3,2
2,27,1,7.40915369046819,5,3,2
2,28,1,7.36915011919482,5,3,2
2,29,1,7.69368026151935,5,3,2
2,30,1,7.85475422302486,5,3,2
2,31,1,8.10930213613153,5,3,2
2,32,1,8.76529444787013,5,3,2
2,33,1,8.239768656256,5,3,2
2,34,1,8.49002953957692,5,3,2
2,35,1,8.42884020841912,5,3,2
2,36,1,7.90837112012696,5,3,2
2,37,1,8.42515246785397,5,3,2
2,38,1,7.85864006727893,5,3,2
2,39,1,7.23880199687517,5,3,2
2,40,1,7.67773420397643,5,3,2
2,41,1,7.7355758964539,5,3,2
2,42,1,8.29680583279992,5,3,2
2,43,1,7.35817160555137,5,3,2
2,44,1,8.00795341030386,5,3,2
2,45,1,7.93423391756934,5,3,2
2,46,1,7.97071814190732,5,3,2
2,47,1,6.74865720211796,5,3,2
2,48,1,7.96988672997563,5,3,2
2,49,1,8.22319849639244,5,3,2
2,50,1,7.72481579628735,5,3,2
2,51,1,8.34861337768082,5,3,2
2,52,1,8.3360247925081,5,3,2
2,53,1,8.29237310347369,5,3,2
2,54,1,7.26910002957278,5,3,2
2,55,1,7.69321314957483,5,3,2
2,56,1,7.67991927103558,5,3,2
2,57,1,7.19046931984387,5,3,2
2,58,1,7.77278675989856,5,3,2
2,59,1,7.8085488009789,5,3,2
2,60,1,6.82019648461261,5,3,2
2,61,1,8.08062025055371,5,3,2
2,62,1,7.41865892993476,5,3,2
2,63,1,7.73974022560482,5,3,2
2,64,1,8.05549348923112,5,3,2
3,1,0,5.81640825521686,5,3,2
3,2,0,5.52446117287313,5,3,2
3,3,0,5.72670741840118,5,3,2
3,4,0,4.55254258379768,5,3,2
3,5,0,5.07098474347235,5,3,2
3,6,0,5.27099545913607,5,3,2
3,7,0,5.3755778755924,5,3,2
3,8,0,4.99567889371979,5,3,2
3,9,0,4.98881754644716,5,3,2
3,10,0,4.62522464228433,5,3,2
3,11,0,4.9794136485182,5,3,2
3,12,0,6.36547087463976,5,3,2
3,13,0,5.76459106317272,5,3,2
3,14,0,5.39744578076145,5,3,2
3,15,0,4.18901951638657,5,3,2
3,16,0,5.01162205499227,5,3,2
3,17,0,4.92258636786168,5,3,2
3,18,0,4.62134246788143,5,3,2
3,19,0,4.73186548431535,5,3,2
3,20,0,5.48265496836372,5,3,2
3,21,0,5.29621385226281,5,3,2
3,22,0,4.9371758595452,5,3,2
3,23,0,5.03009721046813,5,3,2
3,24,0,5.38460945188673,5,3,2
3,25,0,5.09411250867519,5,3,2
3,26,0,6.03055382405215,5,3,2
3,27,0,4.56578605059512,5,3,2
3,28,0,4.88505939597382,5,3,2
3,29,0,4.87857584881515,5,3,2
3,30,0,4.34978966541003,5,3,2
3,31,0,5.48326678206829,5,3,2
3,32,0,4.50225622827816,5,3,2
3,33,0,5.19184734096533,5,3,2
3,34,0,4.75658029480392,5,3,2
3,35,0,4.91292696421413,5,3,2
3,36,0,4.44980599611338,5,3,2
3,37,0,4.93737873773297,5,3,2
3,38,0,6.01480289147621,5,3,2
3,39,0,4.61231103082941,5,3,2
3,40,0,4.36775213462048,5,3,2
3,41,0,4.45441117044886,5,3,2
3,42,0,4.96459336151122,5,3,2
3,43,0,5.47882278909521,5,3,2
3,44,0,5.2537397811918,5,3,2
3,45,0,4.69410696467766,5,3,2
3,46,0,4.70171327688018,5,3,2
3,47,0,4.61428081091704,5,3,2
3,48,0,5.46525368567086,5,3,2
3,49,0,4.61242111586478,5,3,2
3,50,0,4.75745892212163,5,3,2
3,51,0,5.12880228732671,5,3,2
3,52,0,5.81598090283752,5,3,2
3,53,0,4.83218619246243,5,3,2
3,54,0,5.60617118375361,5,3,2
3,55,0,5.10123803282488,5,3,2
3,56,0,4.46830079422246,5,3,2
3,57,0,4.33597900166538,5,3,2
3,58,0,4.85241210442854,5,3,2
3,59,0,4.31394720037273,5,3,2
3,60,0,4.30521265245322,5,3,2
3,61,0,5.60490050060989,5,3,2
3,62,0,4.41390700900037,5,3,2
3,63,0,5.136057097789,5,3,2
3,64,0,4.69505912346022,5,3,2
4,1,1,6.45156691793591,5,3,2
4,2,1,5.54801525044729,5,3,2
4,3,1,5.54309267953821,5,3,2
4,4,1,5.08417444279122,5,3,2
4,5,1,6.0418405174618,5,3,2
4,6,1,6.13521759951827,5,3,2
4,7,1,5.63957105426781,5,3,2
4,8,1,5.57521826157147,5,3,2
4,9,1,6.5764864882178,5,3,2
4,10,1,6.22831842068507,5,3,2
4,11,1,5.53298510158708,5,3,2
4,12,1,5.89796435016563,5,3,2
4,13,1,6.51422552056836,5,3,2
4,14,1,6.08670186926004,5,3,2
4,15,1,6.07028975471167,5,3,2
4,16,1,5.39691393842813,5,3,2
4,17,1,5.87494713855173,5,3,2
4,18,1,6.96139613661526,5,3,2
4,19,1,5.55710475587119,5,3,2
4,20,1,6.47247959872608,5,3,2
4,21,1,6.18881568198665,5,3,2
4,22,1,6.01884139662645,5,3,2
4,23,1,6.06591322857657,5,3,2
4,24,1,5.00613534787334,5,3,2
4,25,1,6.10688070659302,5,3,2
4,26,1,5.9242668834646,5,3,2
4,27,1,5.53450068673735,5,3,2
4,28,1,5.88117313444525,5,3,2
4,29,1,5.44102161046444,5,3,2
4,30,1,6.17674706104724,5,3,2
4,31,1,5.59183375809179,5,3,2
4,32,1,4.85805297489635,5,3,2
4,33,1,6.06356665881515,5,3,2
4,34,1,5.9613405001567,5,3,2
4,35,1,5.89158132553803,5,3,2
4,36,1,6.42170341891449,5,3,2
4,37,1,5.71223594386469,5,3,2
4,38,1,6.17466350254745,5,3,2
4,39,1,5.57589284067692,5,3,2
4,40,1,5.69765125104029,5,3,2
4,41,1,5.2321094731093,5,3,2
4,42,1,6.34365104183738,5,3,2
4,43,1,6.7228880885772,5,3,2
4,44,1,6.11117931924154,5,3,2
4,45,1,5.45493362683652,5,3,2
4,46,1,6.32323151476195,5,3,2
4,47,1,6.02290329414338,5,3,2
4,48,1,6.07631766438061,5,3,2
4,49,1,6.73908879712226,5,3,2
4,50,1,5.95440221972855,5,3,2
4,51,1,5.36782794695037,5,3,2
4,52,1,5.98773578180289,5,3,2
4,53,1,6.74975735094774,5,3,2
4,54,1,6.33710603603188,5,3,2
4,55,1,5.9169367989284,5,3,2
4,56,1,5.52078827447607,5,3,2
4,57,1,5.4539422299882,5,3,2
4,58,1,6.10517968711079,5,3,2
4,59,1,5.35364382677303,5,3,2
4,60,1,6.00875909509517,5,3,2
4,61,1,6.54555754640556,5,3,2
4,62,1,6.32511181238267,5,3,2
4,63,1,6.54932290638996,5,3,2
4,64,1,5.91424855017388,5,3,2
5,1,0,5.48083403911485,5,3,2
5,2,0,4.18553993807049,5,3,2
5,3,0,4.28319335104721,5,3,2
5,4,0,4.75753043209517,5,3,2
5,5,0,5.3996897479783,5,3,2
5,6,0,3.92132069415654,5,3,2
5,7,0,4.65918602745371,5,3,2
5,8,0,4.83682651015647,5,3,2
5,9,0,5.12580620118688,5,3,2
5,10,0,4.80690687515277,5,3,2
5,11,0,5.49595842608213,5,3,2
5,12,0,4.60375549710206,5,3,2
5,13,0,3.718435015488,5,3,2
5,14,0,4.40220144467663,5,3,2
5,15,0,4.34390327758188,5,3,2
5,16,0,4.91949832477664,5,3,2
5,17,0,4.79063959905737,5,3,2
5,18,0,3.69393435472863,5,3,2
5,19,0,4.89622180707798,5,3,2
5,20,0,4.8034169106807,5,3,2
5,21,0,4.33833257983033,5,3,2
5,22,0,4.19443457135391,5,3,2
5,23,0,5.11237679949567,5,3,2
5,24,0,4.62198250914102,5,3,2
5,25,0,4.72748439688857,5,3,2
5,26,0,4.67709295198417,5,3,2
5,27,0,4.87133734114083,5,3,2
5,28,0,5.52630698735204,5,3,2
5,29,0,4.49207252360437,5,3,2
5,30,0,5.24360135229112,5,3,2
5,31,0,5.08864292578458,5,3,2
5,32,0,4.21714169352432,5,3,2
5,33,0,4.52585603719345,5,3,2
5,34,0,4.9208333748403,5,3,2
5,35,0,5.25602197025461,5,3,2
5,36,0,5.33960023322695,5,3,2
5,37,0,4.70096964147833,5,3,2
5,38,0,4.05940901720287,5,3,2
5,39,0,4.71920948310916,5,3,2
5,40,0,4.78111578507499,5,3,2
5,41,0,5.33227447570977,5,3,2
5,42,0,5.10219022947122,5,3,2
5,43,0,4.29824105361003,5,3,2
5,44,0,3.53883573110689,5,3,2
5,45,0,4.57829506907909,5,3,2
5,46,0,4.99553668814041,5,3,2
5,47,0,3.67715754093947,5,3,2
5,48,0,4.35517661417508,5,3,2
5,49,0,4.11405166672236,5,3,2
5,50,0,4.51283650303699,5,3,2
5,51,0,5.66260020427218,5,3,2
5,52,0,5.33539132839649,5,3,2
5,53,0,4.68747708020309,5,3,2
5,54,0,4.40306782404244,5,3,2
5,55,0,5.34790494822512,5,3,2
5,56,0,5.67309208953495,5,3,2
5,57,0,5.63769642044687,5,3,2
5,58,0,5.1338944111267,5,3,2
5,59,0,4.52700021425553,5,3,2
5,60,0,4.5495026681561,5,3,2
5,61,0,5.10507089921214,5,3,2
5,62,0,5.08448595928846,5,3,2
5,63,0,4.05337381751093,5,3,2
5,64,0,5.16417085916159,5,3,2
6,1,0,5.09770711209041,5,3,2
6,2,0,6.24985683238375,5,3,2
6,3,0,5.43503563884924,5,3,2
6,4,0,5.59878806105489,5,3,2
6,5,0,5.66978439416287,5,3,2
6,6,0,5.50772053849902,5,3,2
6,7,0,6.40670028405338,5,3,2
6,8,0,6.87937866400776,5,3,2
6,9,0,5.87772157473378,5,3,2
6,10,0,4.87331142114966,5,3,2
6,11,0,5.36784122392779,5,3,2
6,12,0,4.28989991443954,5,3,2
6,13,0,5.5324854254453,5,3,2
6,14,0,5.70941469093105,5,3,2
6,15,0,6.22098126376872,5,3,2
6,16,0,5.47368225827623,5,3,2
6,17,0,5.4687116034797,5,3,2
6,18,0,5.13281047066674,5,3,2
6,19,0,5.3281273494866,5,3,2
6,20,0,6.04425248296058,5,3,2
6,21,0,5.42265748338508,5,3,2
6,22,0,5.20612088385083,5,3,2
6,23,0,5.34783938758291,5,3,2
6,24,0,5.87730598145898,5,3,2
6,25,0,4.89124882859717,5,3,2
6,26,0,6.01377393107248,5,3,2
6,27,0,5.8143275884926,5,3,2
6,28,0,5.44037988192348,5,3,2
6,29,0,5.71359232820594,5,3,2
6,30,0,5.19493950910163,5,3,2
6,31,0,6.06382568947956,5,3,2
6,32,0,6.19917268099236,5,3,2
6,33,0,5.11155732796557,5,3,2
6,34,0,5.41180289726627,5,3,2
6,35,0,5.50679333570269,5,3,2
6,36,0,5.7764520969503,5,3,2
6,37,0,5.08900797726913,5,3,2
6,38,0,5.52676684546383,5,3,2
6,39,0,5.06535341227566,5,3,2
6,40,0,6.14539170297983,5,3,2
6,41,0,5.5307816393409,5,3,2
6,42,0,6.00855094422655,5,3,2
6,43,0,5.49084487623041,5,3,2
6,44,0,6.05080747831693,5,3,2
6,45,0,5.33881335893075,5,3,2
6,46,0,5.55490607447347,5,3,2
6,47,0,5.19401726565452,5,3,2
6,48,0,5.53792917425158,5,3,2
6,49,0,5.51734873401068,5,3,2
6,50,0,5.23392601540001,5,3,2
6,51,0,5.70692897322163,5,3,2
6,52,0,5.62776754875515,5,3,2
6,53,0,5.97509000924514,5,3,2
6,54,0,6.05810950826942,5,3,2
6,55,0,5.79888701058175,5,3,2
6,56,0,5.67439533575375,5,3,2
6,57,0,5.59938221757286,5,3,2
6,58,0,4.89974123782885,5,3,2
6,59,0,5.43228725661312,5,3,2
6,60,0,5.46743963778937,5,3,2
6,61,0,5.23104995123728,5,3,2
6,62,0,4.66131434106695,5,3,2
6,63,0,5.86146791994048,5,3,2
6,64,0,5.36485725646888,5,3,2
7,1,0,2.42260842513863,5,3,2
7,2,0,2.81642961667059,5,3,2
7,3,0,2.56634515358395,5,3,2
7,4,0,2.22069777829414,5,3,2
7,5,0,2.79342650996088,5,3,2
7,6,0,2.78507179503982,5,3,2
7,7,0,2.54041428007268,5,3,2
7,8,0,2.91984536201464,5,3,2
7,9,0,2.83298850305199,5,3,2
7,10,0,3.12119489854394,5,3,2
7,11,0,1.75745167784323,5,3,2
7,12,0,3.34280098226998,5,3,2
7,13,0,2.28105308872897,5,3,2
7,14,0,2.75773534919444,5,3,2
7,15,0,3.24130604608031,5,3,2
7,16,0,2.48002228884577,5,3,2
7,17,0,3.45395037676835,5,3,2
7,18,0,3.07928679364958,5,3,2
7,19,0,2.56060929703331,5,3,2
7,20,0,3.12908742636162,5,3,2
7,21,0,4.08235148007292,5,3,2
7,22,0,2.40186291556592,5,3,2
7,23,0,3.16657290563743,5,3,2
7,24,0,3.32705432959476,5,3,2
7,25,0,3.24505733044781,5,3,2
7,26,0,2.69623551906521,5,3,2
7,27,0,3.28060153216639,5,3,2
7,28,0,2.82104252099301,5,3,2
7,29,0,3.50645046864561,5,3,2
7,30,0,2.53560937533642,5,3,2
7,31,0,3.6559050978281,5,3,2
7,32,0,2.9225039625344,5,3,2
7,33,0,2.63837337245988,5,3,2
7,34,0,2.62615040132111,5,3,2
7,35,0,2.98570837131768,5,3,2
7,36,0,2.77767733781466,5,3,2
7,37,0,3.3719866369232,5,3,2
7,38,0,3.19985439123991,5,3,2
7,39,0,2.28641006761173,5,3,2
7,40,0,3.08392973586448,5,3,2
7,41,0,2.85933032961694,5,3,2
7,42,0,2.80061006237711,5,3,2
7,43,0,2.94758155702879,5,3,2
7,44,0,2.82230864691319,5,3,2
7,45,0,2.29840912164512,5,3,2
7,46,0,3.21392577675814,5,3,2
7,47,0,3.00977005297498,5,3,2
7,48,0,3.46876674816526,5,3,2
7,49,0,2.93446976642032,5,3,2
7,50,0,3.8063799646811,5,3,2
7,51,0,2.26362464997573,5,3,2
7,52,0,2.91664026261099,5,3,2
7,53,0,3.08768094112716,5,3,2
7,54,0,2.57364891505414,5,3,2
7,55,0,2.81536837007677,5,3,2
7,56,0,2.43204881931873,5,3,2
7,57,0,3.53823526987285,5,3,2
7,58,0,3.25464983809023,5,3,2
7,59,0,3.27402083383656,5,3,2
7,60,0,1.98287049488641,5,3,2
7,61,0,2.55348034763626,5,3,2
7,62,0,3.24539290467137,5,3,2
7,63,0,2.74633202911822,5,3,2
7,64,0,2.73696801661581,5,3,2
8,1,1,9.35075045240316,5,3,2
8,2,1,9.37616490666493,5,3,2
8,3,1,8.3341927259655,5,3,2
8,4,1,8.78337145393065,5,3,2
8,5,1,8.82502176186817,5,3,2
8,6,1,7.81041427787845,5,3,2
8,7,1,9.21096596326793,5,3,2
8,8,1,8.91497875320609,5,3,2
8,9,1,7.91182713210627,5,3,2
8,10,1,7.98591842731908,5,3,2
8,11,1,9.47913264057473,5,3,2
8,12,1,8.72451451596195,5,3,2
8,13,1,9.84669459606552,5,3,2
8,14,1,8.80166461720318,5,3,2
8,15,1,8.87953297136327,5,3,2
8,16,1,8.06892966937619,5,3,2
8,17,1,8.63839951439306,5,3,2
8,18,1,8.50837672388197,5,3,2
8,19,1,8.67254088615415,5,3,2
8,20,1,8.06600317291244,5,3,2
8,21,1,9.15309163486598,5,3,2
8,22,1,9.15520701136198,5,3,2
8,23,1,8.57048214752021,5,3,2
8,24,1,8.62166162540149,5,3,2
8,25,1,8.04146539662461,5,3,2
8,26,1,8.80664227932206,5,3,2
8,27,1,8.9703876796081,5,3,2
8,28,1,8.4432629967796,5,3,2
8,29,1,8.67470702398121,5,3,2
8,30,1,9.12742423506036,5,3,2
8,31,1,8.94703727700199,5,3,2
8,32,1,8.51927368516969,5,3,2
8,33,1,8.41573112456891,5,3,2
8,34,1,8.82751321655778,5,3,2
8,35,1,9.45928264567771,5,3,2
8,36,1,8.57903193955683,5,3,2
8,37,1,8.31639372676932,5,3,2
8,38,1,8.69240522387507,5,3,2
8,39,1,8.42958023556799,5,3,2
8,40,1,8.3943786989815,5,3,2
8,41,1,8.05507541205611,5,3,2
8,42,1,7.61668904347853,5,3,2
8,43,1,9.59122255595943,5,3,2
8,44,1,8.9849415003523,5,3,2
8,45,1,8.82646708634193,5,3,2
8,46,1,8.87878150378141,5,3,2
8,47,1,8.56874291903166,5,3,2
8,48,1,8.34326263816359,5,3,2
8,49,1,8.9890227893617,5,3,2
8,50,1,8.55835031084524,5,3,2
8,51,1,8.49426286918968,5,3,2
8,52,1,9.21214176165318,5,3,2
8,53,1,8.39418504016714,5,3,2
8,54,1,8.98239812687732,5,3,2
8,55,1,8.63843469023371,5,3,2
8,56,1,8.5508237321649,5,3,2
8,57,1,9.12171397798763,5,3,2
8,58,1,9.10015907678778,5,3,2
8,59,1,8.49777502822879,5,3,2
8,60,1,8.10181527224197,5,3,2
8,61,1,9.21454173737387,5,3,2
8,62,1,8.55334740984595,5,3,2
8,63,1,8.92141692923057,5,3,2
8,64,1,8.73163429059763,5,3,2
9,1,1,5.65356084052921,5,3,2
9,2,1,5.20317870032739,5,3,2
9,3,1,6.04319037908689,5,3,2
9,4,1,4.88600611461896,5,3,2
9,5,1,5.2116294210908,5,3,2
9,6,1,4.49792706847011,5,3,2
9,7,1,4.65943039541834,5,3,2
9,8,1,4.5392395498287,5,3,2
9,9,1,4.60681201164948,5,3,2
9,10,1,5.08178350646766,5,3,2
9,11,1,4.81856789096475,5,3,2
9,12,1,4.67202847619083,5,3,2
9,13,1,4.97665676002228,5,3,2
9,14,1,5.68532366097318,5,3,2
9,15,1,4.66495175000658,5,3,2
9,16,1,5.58607895929373,5,3,2
9,17,1,3.80013816446709,5,3,2
9,18,1,5.56313686055952,5,3,2
9,19,1,5.60491216586331,5,3,2
9,20,1,5.28464279114785,5,3,2
9,21,1,3.71032346283635,5,3,2
9,22,1,5.32205872824512,5,3,2
9,23,1,5.52250690430199,5,3,2
9,24,1,5.39493266948668,5,3,2
9,25,1,5.40802532735261,5,3,2
9,26,1,6.32033571896034,5,3,2
9,27,1,4.98021578856404,5,3,2
9,28,1,4.68530031156113,5,3,2
9,29,1,5.59428957186959,5,3,2
9,30,1,5.26613458005222,5,3,2
9,31,1,4.90906645617085,5,3,2
9,32,1,5.46523989515895,5,3,2
9,33,1,5.57857167846714,5,3,2
9,34,1,4.12084770694431,5,3,2
9,35,1,4.08782584931981,5,3,2
9,36,1,5.08272733489357,5,3,2
9,37,1,5.18634284140543,5,3,2
9,38,1,5.14918265919617,5,3,2
9,39,1,5.38299371385708,5,3,2
9,40,1,5.21464527355421,5,3,2
9,41,1,5.47556736040601,5,3,2
9,42,1,5.09866631643898,5,3,2
9,43,1,4.91282450149541,5,3,2
9,44,1,4.49239203402763,5,3,2
9,45,1,4.58322854618,5,3,2
9,46,1,5.37769775720974,5,3,2
9,47,1,5.06139241854848,5,3,2
9,48,1,5.62805779713502,5,3,2
9,49,1,5.26630635572223,5,3,2
9,50,1,5.24625368994882,5,3,2
9,51,1,4.30973251903445,5,3,2
9,52,1,5.33531846307031,5,3,2
9,53,1,4.88560775899235,5,3,2
9,54,1,5.20242596647513,5,3,2
9,55,1,4.11684251226238,5,3,2
9,56,1,6.21162127306865,5,3,2
9,57,1,5.25069889767136,5,3,2
9,58,1,5.29038943187426,5,3,2
9,59,1,5.61442111296413,5,3,2
9,60,1,4.48978027468278,5,3,2
9,61,1,6.33478082898332,5,3,2
9,62,1,5.68264538453427,5,3,2
9,63,1,4.51657360181721,5,3,2
9,64,1,5.20627096668397,5,3,2
10,1,0,3.90567429490079,5,3,2
10,2,0,3.93745062269271,5,3,2
10,3,0,4.64206121071873,5,3,2
10,4,0,3.9113918466369,5,3,2
10,5,0,3.83182140622181,5,3,2
10,6,0,4.79568192323879,5,3,2
10,7,0,3.01186654488257,5,3,2
10,8,0,4.47577559138649,5,3,2
10,9,0,4.22858313548891,5,3,2
10,10,0,4.41338681305616,5,3,2
10,11,0,3.64924111078933,5,3,2
10,12,0,3.63941394137761,5,3,2
10,13,0,4.35567121116225,5,3,2
10,14,0,4.93247984910949,5,3,2
10,15,0,4.32666502089238,5,3,2
10,16,0,3.93553064792245,5,3,2
10,17,0,4.6385283916547,5,3,2
10,18,0,4.28661066711376,5,3,2
10,19,0,3.6813300839735,5,3,2
10,20,0,4.00403976954352,5,3,2
10,21,0,4.1224179980155,5,3,2
10,22,0,3.91096564304448,5,3,2
10,23,0,4.02038720991647,5,3,2
10,24,0,4.1275785013321,5,3,2
10,25,0,4.42208064248934,5,3,2
10,26,0,3.5094399464968,5,3,2
10,27,0,3.98320034355015,5,3,2
10,28,0,4.60657081035839,5,3,2
10,29,0,4.04911266938295,5,3,2
10,30,0,4.44966123457111,5,3,2
10,31,0,4.25850444416633,5,3,2
10,32,0,3.94040958480011,5,3,2
10,33,0,4.23814730451582,5,3,2
10,34,0,3.77125573037822,5,3,2
10,35,0,4.5310639027071,5,3,2
10,36,0,3.13342198900967,5,3,2
10,37,0,3.55456166292577,5,3,2
10,38,0,4.70721218620325,5,3,2
10,39,0,3.90412851549,5,3,2
10,40,0,5.41424115448995,5,3,2
10,41,0,4.42817824805186,5,3,2
10,42,0,4.17521892843917,5,3,2
10,43,0,4.5378905549941,5,3,2
10,44,0,3.74139306098624,5,3,2
10,45,0,4.21190995833825,5,3,2
10,46,0,4.57243959095509,5,3,2
10,47,0,3.98023230499906,5,3,2
10,48,0,3.64714387149865,5,3,2
10,49,0,4.07740005217087,5,3,2
10,50,0,4.65505221403428,5,3,2
10,51,0,3.85231057269402,5,3,2
10,52,0,4.31708429746833,5,3,2
10,53,0,4.27779415073092,5,3,2
10,54,0,4.27256992119037,5,3,2
10,55,0,4.1633355740786,5,3,2
10,56,0,4.00108304374851,5,3,2
10,57,0,3.53792380285852,5,3,2
10,58,0,4.22853867312437,5,3,2
10,59,0,4.64953639919101,5,3,2
10,60,0,4.00122436657062,5,3,2
10,61,0,3.39409879914545,5,3,2
10,62,0,4.37639926724172,5,3,2
10,63,0,4.21337153542837,5,3,2
10,64,0,4.53462941052145,5,3,2
11,1,0,8.09016958529423,5,3,2
11,2,0,7.98021723041151,5,3,2
11,3,0,9.06803261279225,5,3,2
11,4,0,7.47862886841708,5,3,2
11,5,0,8.87759910202594,5,3,2
11,6,0,6.97123280823167,5,3,2
11,7,0,7.66368454506746,5,3,2
11,8,0,8.0927898162439,5,3,2
11,9,0,8.28973480266878,5,3,2
11,10,0,8.39525516411939,5,3,2
11,11,0,7.66898625157677,5,3,2
11,12,0,8.40316102886654,5,3,2
11,13,0,7.66417615659091,5,3,2
11,14,0,8.31872246885357,5,3,2
11,15,0,7.71654152402389,5,3,2
11,16,0,7.75900168798802,5,3,2
11,17,0,8.72548422384913,5,3,2
11,18,0,7.54963773218298,5,3,2
11,19,0,8.02104055800758,5,3,2
11,20,0,7.78254803567107,5,3,2
11,21,0,7.58425052643759,5,3,2
11,22,0,8.13548854335397,5,3,2
11,23,0,7.87846567273612,5,3,2
11,24,0,8.07474579304421,5,3,2
11,25,0,8.24651901271849,5,3,2
11,26,0,7.81988046223066,5,3,2
11,27,0,7.93900856630162,5,3,2
11,28,0,8.13333865578054,5,3,2
11,29,0,8.69554455904233,5,3,2
11,30,0,7.27737163285195,5,3,2
11,31,0,8.32956021090633,5,3,2
11,32,0,8.7057169765921,5,3,2
11,33,0,7.45901476883962,5,3,2
11,34,0,7.59229709295773,5,3,2
11,35,0,7.30699852624349,5,3,2
11,36,0,7.74487856852412,5,3,2
11,37,0,7.86335977075655,5,3,2
11,38,0,8.18250862607639,5,3,2
11,39,0,7.96587234251091,5,3,2
11,40,0,8.09143052043975,5,3,2
11,41,0,7.53986684688604,5,3,2
11,42,0,8.34849683337451,5,3,2
11,43,0,7.8490125837876,5,3,2
11,44,0,8.14221976433539,5,3,2
11,45,0,7.13841516426866,5,3,2
11,46,0,7.70076200612357,5,3,2
11,47,0,7.47779937850423,5,3,2
11,48,0,8.50749589470583,5,3,2
11,49,0,8.24600155579233,5,3,2
11,50,0,8.41581447797094,5,3,2
11,51,0,7.6844562733386,5,3,2
11,52,0,7.4338823990987,5,3,2
11,53,0,8.35703992543283,5,3,2
11,54,0,8.20940903343642,5,3,2
11,55,0,7.32238252859833,5,3,2
11,56,0,7.68370446449517,5,3,2
11,57,0,7.67941936083862,5,3,2
11,58,0,8.15896766348509,5,3,2
11,59,0,7.90506043824063,5,3,2
11,60,0,7.95304377642497,5,3,2
11,61,0,7.10507954232166,5,3,2
11,62,0,6.99061316273036,5,3,2
11,63,0,8.32090723805754,5,3,2
11,64,0,7.46990158449647,5,3,2
12,1,0,6.87834183891399,5,3,2
12,2,0,7.06609386816028,5,3,2
12,3,0,7.54078772559115,5,3,2
12,4,0,7.43380202425568,5,3,2
12,5,0,7.0127904565074,5,3,2
12,6,0,7.063712967964,5,3,2
12,7,0,7.34090247327715,5,3,2
12,8,0,8.7531625691937,5,3,2
12,9,0,7.41675580475419,5,3,2
12,10,0,7.14091509243922,5,3,2
12,11,0,6.20289280028637,5,3,2
12,12,0,7.75560689438965,5,3,2
12,13,0,6.90589433264667,5,3,2
12,14,0,6.31003931578395,5,3,2
12,15,0,7.49598432242829,5,3,2
12,16,0,7.63124806911734,5,3,2
12,17,0,7.862617115687,5,3,2
12,18,0,7.81651103210185,5,3,2
12,19,0,6.36497460589472,5,3,2
12,20,0,7.77781192793145,5,3,2
12,21,0,7.5129367537989,5,3,2
12,22,0,7.2731032957376,5,3,2
12,23,0,8.44816404831039,5,3,2
12,24,0,7.72332240053889,5,3,2
12,25,0,6.55686821416841,5,3,2
12,26,0,6.83113458660929,5,3,2
12,27,0,7.04313043180481,5,3,2
12,28,0,7.15860198783427,5,3,2
12,29,0,7.9258094929442,5,3,2
12,30,0,7.00745767174397,5,3,2
12,31,0,7.83705966505321,5,3,2
12,32,0,7.83749862633845,5,3,2
12,33,0,7.04227897907162,5,3,2
12,34,0,7.85176364431336,5,3,2
12,35,0,6.68617553319736,5,3,2
12,36,0,6.64425768275328,5,3,2
12,37,0,6.3496369114652,5,3,2
12,38,0,6.59976870073434,5,3,2
12,39,0,6.47773203349706,5,3,2
12,40,0,6.57426679132925,5,3,2
12,41,0,7.68280861139743,5,3,2
12,42,0,6.99628354774582,5,3,2
12,43,0,7.19520869376378,5,3,2
12,44,0,7.00400005398916,5,3,2
12,45,0,6.70348176732832,5,3,2
12,46,0,7.66931846142413,5,3,2
12,47,0,7.31696776218927,5,3,2
12,48,0,6.78809612701353,5,3,2
12,49,0,7.24110011240989,5,3,2
12,50,0,7.10308052979293,5,3,2
12,51,0,7.08118355625615,5,3,2
12,52,0,6.80446985395775,5,3,2
12,53,0,7.04594915112313,5,3,2
12,54,0,7.05838881586792,5,3,2
12,55,0,7.25837332791815,5,3,2
12,56,0,7.96349141991663,5,3,2
12,57,0,7.8448621609376,5,3,2
12,58,0,6.2827405036948,5,3,2
12,59,0,7.62067813240434,5,3,2
12,60,0,7.06511329723939,5,3,2
12,61,0,6.57699054583865,5,3,2
12,62,0,7.30942852408863,5,3,2
12,63,0,6.83985260061397,5,3,2
12,64,0,6.41182619611623,5,3,2
13,1,0,1.54792038151591,5,3,2
13,2,0,2.1941959142005,5,3,2
13,3,0,2.01513309937795,5,3,2
13,4,0,1.68441346024721,5,3,2
13,5,0,2.08095682757622,5,3,2
13,6,0,2.54323319467977,5,3,2
13,7,0,2.42184137618999,5,3,2
13,8,0,2.10451517371101,5,3,2
13,9,0,1.87143348145279,5,3,2
13,10,0,2.35554160516922,5,3,2
13,11,0,2.27675584979981,5,3,2
13,12,0,1.96857042243405,5,3,2
13,13,0,2.17524300250163,5,3,2
13,14,0,2.32635640457884,5,3,2
13,15,0,2.36737792997638,5,3,2
13,16,0,1.5201186480082,5,3,2
13,17,0,2.28297060899929,5,3,2
13,18,0,2.14586192713771,5,3,2
13,19,0,2.3645801360805,5,3,2
13,20,0,2.03756406893964,5,3,2
13,21,0,3.36872380788695,5,3,2
13,22,0,1.68262801522459,5,3,2
13,23,0,1.12583691138435,5,3,2
13,24,0,2.09296348204417,5,3,2
13,25,0,2.9771182136497,5,3,2
13,26,0,1.96841731596811,5,3,2
13,27,0,1.89191242333026,5,3,2
13,28,0,1.92033351666013,5,3,2
13,29,0,3.10725356051824,5,3,2
13,30,0,2.43711089915001,5,3,2
13,31,0,2.5245786706535,5,3,2
13,32,0,2.51708525143603,5,3,2
13,33,0,1.67570218485197,5,3,2
13,34,0,2.06023833236551,5,3,2
13,35,0,2.08706682618584,5,3,2
13,36,0,1.7941508501543,5,3,2
13,37,0,2.03054512061292,5,3,2
13,38,0,2.28832361490984,5,3,2
13,39,0,2.10833747571756,5,3,2
13,40,0,1.81706271397899,5,3,2
13,41,0,2.46064511178925,5,3,2
13,42,0,1.41711750488776,5,3,2
13,43,0,2.50016798263727,5,3,2
13,44,0,2.19434604682641,5,3,2
13,45,0,2.09361314927727,5,3,2
13,46,0,2.75032726687086,5,3,2
13,47,0,1.84375401423302,5,3,2
13,48,0,2.81629692369451,5,3,2
13,49,0,2.35978004694547,5,3,2
13,50,0,2.225346795011,5,3,2
13,51,0,2.41716205199046,5,3,2
13,52,0,3.1813996146879,5,3,2
13,53,0,2.30496616513295,5,3,2
13,54,0,2.24961378671738,5,3,2
13,55,0,3.00423347662018,5,3,2
13,56,0,0.989619701183542,5,3,2
13,57,0,1.5385650933104,5,3,2
13,58,0,2.39896661580038,5,3,2
13,59,0,2.03601681055825,5,3,2
13,60,0,2.51026499283095,5,3,2
13,61,0,2.28685853509894,5,3,2
13,62,0,2.21205127106911,5,3,2
13,63,0,2.39642874179644,5,3,2
13,64,0,3.61164154487485,5,3,2
14,1,1,9.58559235289419,5,3,2
14,2,1,10.0910303895797,5,3,2
14,3,1,9.33146771438295,5,3,2
14,4,1,9.35174671834807,5,3,2
14,5,1,10.6974124270557,5,3,2
14,6,1,10.614003024846,5,3,2
14,7,1,10.7200786435582,5,3,2
14,8,1,9.62878513403508,5,3,2
14,9,1,9.14701013302949,5,3,2
14,10,1,9.3562975793883,5,3,2
14,11,1,9.42661790548418,5,3,2
14,12,1,10.1015890220668,5,3,2
14,13,1,10.1258229056295,5,3,2
14,14,1,8.96774845477377,5,3,2
14,15,1,8.48976631422176,5,3,2
14,16,1,9.79529955412017,5,3,2
14,17,1,9.92017886399055,5,3,2
14,18,1,10.0328707371612,5,3,2
14,19,1,9.90665541777472,5,3,2
14,20,1,10.0840340061081,5,3,2
14,21,1,9.94053126348871,5,3,2
14,22,1,9.61568986460664,5,3,2
14,23,1,9.69935451546508,5,3,2
14,24,1,9.26193010569692,5,3,2
14,25,1,11.1745549609264,5,3,2
14,26,1,9.31395624096765,5,3,2
14,27,1,10.0641080385625,5,3,2
14,28,1,10.0035991089068,5,3,2
14,29,1,9.92127975603374,5,3,2
14,30,1,8.11259614239119,5,3,2
14,31,1,9.04425677042236,5,3,2
14,32,1,10.202802588597,5,3,2
14,33,1,9.33702309435786,5,3,2
14,34,1,9.26839907309006,5,3,2
14,35,1,9.10615396931127,5,3,2
14,36,1,10.0323894908916,5,3,2
14,37,1,10.3157472349483,5,3,2
14,38,1,9.44775844411188,5,3,2
14,39,1,10.0380831871102,5,3,2
14,40,1,10.2638868971916,5,3,2
14,41,1,10.1356006982273,5,3,2
14,42,1,10.2727926571164,5,3,2
14,43,1,9.35583086178964,5,3,2
14,44,1,9.77296248671875,5,3,2
14,45,1,9.85548723555365,5,3,2
14,46,1,9.76805242113503,5,3,2
14,47,1,10.8130850267935,5,3,2
14,48,1,9.81312362637368,5,3,2
14,49,1,9.44521773269621,5,3,2
14,50,1,9.60991605008961,5,3,2
14,51,1,9.76234429088007,5,3,2
14,52,1,9.74639626053725,5,3,2
14,53,1,9.19401755248711,5,3,2
14,54,1,9.30247490282645,5,3,2
14,55,1,10.3201861904373,5,3,2
14,56,1,10.7799534572923,5,3,2
14,57,1,9.79115784273527,5,3,2
14,58,1,9.36234604009572,5,3,2
14,59,1,9.98106665578733,5,3,2
14,60,1,9.18240287563063,5,3,2
14,61,1,10.171397581045,5,3,2
14,62,1,10.1614975664047,5,3,2
14,63,1,9.95429426475383,5,3,2
14,64,1,9.634631908534,5,3,2
15,1,0,4.49078496235902,5,3,2
15,2,0,4.60199192775176,5,3,2
15,3,0,4.15556865797331,5,3,2
15,4,0,4.28440291049164,5,3,2
15,5,0,4.51524100796088,5,3,2
15,6,0,3.89349394594429,5,3,2
15,7,0,4.52604101654171,5,3,2
15,8,0,3.71929948218731,5,3,2
15,9,0,4.40924886596312,5,3,2
15,10,0,4.09995649941606,5,3,2
15,11,0,4.66310332080653,5,3,2
15,12,0,4.42011121447745,5,3,2
15,13,0,4.12190857139669,5,3,2
15,14,0,4.00700658697384,5,3,2
15,15,0,4.54874598193899,5,3,2
15,16,0,4.20478197956522,5,3,2
15,17,0,4.5956572757603,5,3,2
15,18,0,4.74251672942152,5,3,2
15,19,0,4.62321730704476,5,3,2
15,20,0,4.37559128112988,5,3,2
15,21,0,3.87094431944802,5,3,2
15,22,0,4.01588584171333,5,3,2
15,23,0,5.00983650695016,5,3,2
15,24,0,3.66386360734807,5,3,2
15,25,0,4.49995942141382,5,3,2
15,26,0,3.71271254543497,5,3,2
15,27,0,3.95961241933849,5,3,2
15,28,0,4.64738190989451,5,3,2
15,29,0,4.65902040476638,5,3,2
15,30,0,4.2870475596835,5,3,2
15,31,0,3.86426564565879,5,3,2
15,32,0,4.01931255974984,5,3,2
15,33,0,4.13442459680822,5,3,2
15,34,0,4.00694849289064,5,3,2
15,35,0,4.4066529580195,5,3,2
15,36,0,4.08370795976449,5,3,2
15,37,0,4.04559851297209,5,3,2
15,38,0,4.32882346454571,5,3,2
15,39,0,4.20849144277945,5,3,2
15,40,0,4.65050590077759,5,3,2
15,41,0,3.6532169818648,5,3,2
15,42,0,4.2250348972289,5,3,2
15,43,0,4.6871263166663,5,3,2
15,44,0,4.14148287798481,5,3,2
15,45,0,4.06047057258844,5,3,2
15,46,0,5.31146986080704,5,3,2
15,47,0,3.85426716463289,5,3,2
15,48,0,4.2850043401566,5,3,2
15,49,0,3.88449520255893,5,3,2
15,50,0,3.68054849589387,5,3,2
15,51,0,3.93982998458477,5,3,2
15,52,0,4.24776731399202,5,3,2
15,53,0,3.597136300555,5,3,2
15,54,0,4.69669109914526,5,3,2
15,55,0,3.31026802142491,5,3,2
15,56,0,3.87850671249938,5,3,2
15,57,0,4.56401039535487,5,3,2
15,58,0,4.02944845907915,5,3,2
15,59,0,3.82610859472246,5,3,2
15,60,0,4.2404371659183,5,3,2
15,61,0,3.42202352188349,5,3,2
15,62,0,3.58467321973498,5,3,2
15,63,0,4.59452492874557,5,3,2
15,64,0,4.28492522215098,5,3,2
16,1,0,4.11196411648303,5,3,2
16,2,0,4.46068978662298,5,3,2
16,3,0,3.98559938387739,5,3,2
16,4,0,5.28068401022103,5,3,2
16,5,0,4.73641580881856,5,3,2
16,6,0,4.04714475283099,5,3,2
16,7,0,5.35807702349765,5,3,2
16,8,0,4.97390238683574,5,3,2
16,9,0,3.85555787701288,5,3,2
16,10,0,4.51819321348075,5,3,2
16,11,0,5.20611304904711,5,3,2
16,12,0,4.80306599122837,5,3,2
16,13,0,4.98406928895704,5,3,2
16,14,0,6.07135832933996,5,3,2
16,15,0,5.22093447555576,5,3,2
16,16,0,4.30188766773495,5,3,2
16,17,0,4.2428710485825,5,3,2
16,18,0,4.82134145362045,5,3,2
16,19,0,3.81673294312454,5,3,2
16,20,0,4.54928500287441,5,3,2
16,21,0,4.61583758600298,5,3,2
16,22,0,3.65736021904035,5,3,2
16,23,0,4.31864878145721,5,3,2
16,24,0,4.76415589370361,5,3,2
16,25,0,3.92803483210228,5,3,2
16,26,0,4.76974564799117,5,3,2
16,27,0,4.78141612727086,5,3,2
16,28,0,4.86673253349488,5,3,2
16,29,0,5.14039235476204,5,3,2
16,30,0,4.43533109842264,5,3,2
16,31,0,4.8045444400671,5,3,2
16,32,0,4.51080386902044,5,3,2
16,33,0,4.68950539879481,5,3,2
16,34,0,3.987316589649,5,3,2
16,35,0,5.0838376640918,5,3,2
16,36,0,4.09280977214968,5,3,2
16,37,0,4.31048386196843,5,3,2
16,38,0,4.27261779665128,5,3,2
16,39,0,4.71540700886295,5,3,2
16,40,0,3.90606608798009,5,3,2
16,41,0,3.95716615778238,5,3,2
16,42,0,4.22285704511232,5,3,2
16,43,0,3.76145001605994,5,3,2
16,44,0,3.86449121297366,5,3,2
16,45,0,4.85234210412666,5,3,2
16,46,0,4.73011681174729,5,3,2
16,47,0,3.78714345560349,5,3,2
16,48,0,4.07939387683723,5,3,2
16,49,0,4.73061036063138,5,3,2
16,50,0,4.33256679514312,5,3,2
16,51,0,3.87536704047676,5,3,2
16,52,0,3.80717580135159,5,3,2
16,53,0,4.54026670470852,5,3,2
16,54,0,4.59280952741555,5,3,2
16,55,0,4.58506531904009,5,3,2
16,56,0,4.5869067738748,5,3,2
16,57,0,3.39390946736565,5,3,2
16,58,0,4.82199944298133,5,3,2
16,59,0,5.57137795825959,5,3,2
16,60,0,4.80471679404135,5,3,2
16,61,0,4.10676839880281,5,3,2
16,62,0,3.90368119081013,5,3,2
16,63,0,3.85639035677207,5,3,2
16,64,0,4.80145404132977,5,3,2
17,1,1,9.44121642280437,5,3,2
17,2,1,9.59452967600823,5,3,2
17,3,1,10.2825800460729,5,3,2
17,4,1,9.75181130115367,5,3,2
17,5,1,9.64495366036295,5,3,2
17,6,1,10.4042951179117,5,3,2
17,7,1,9.62347896325558,5,3,2
17,8,1,9.30598453097962,5,3,2
17,9,1,10.3376349136635,5,3,2
17,10,1,10.0115891778114,5,3,2
17,11,1,11.2355590722883,5,3,2
17,12,1,10.2643456963992,5,3,2
17,13,1,10.2849090257754,5,3,2
17,14,1,11.2720457249322,5,3,2
17,15,1,10.8493941402566,5,3,2
17,16,1,10.6210492132483,5,3,2
17,17,1,9.6312504127204,5,3,2
17,18,1,10.1262039446314,5,3,2
17,19,1,10.8434284969192,5,3,2
17,20,1,10.3878334543797,5,3,2
17,21,1,10.4902111115853,5,3,2
17,22,1,9.89576460373113,5,3,2
17,23,1,10.7641741357212,5,3,2
17,24,1,10.3102770170006,5,3,2
17,25,1,10.4811228502389,5,3,2
17,26,1,10.9044162915326,5,3,2
17,27,1,10.4787976351545,5,3,2
17,28,1,10.3484864220497,5,3,2
17,29,1,10.4161678671392,5,3,2
17,30,1,10.2258878346793,5,3,2
17,31,1,10.7664493068548,5,3,2
17,32,1,10.5270084581222,5,3,2
17,33,1,10.8583015063344,5,3,2
17,34,1,10.461180126804,5,3,2
17,35,1,10.6008040485501,5,3,2
17,36,1,10.3520145542023,5,3,2
17,37,1,10.3315216663785,5,3,2
17,38,1,9.80790751604893,5,3,2
17,39,1,9.9211177858298,5,3,2
17,40,1,10.3588240797388,5,3,2
17,41,1,10.4308699631807,5,3,2
17,42,1,10.6579397042781,5,3,2
17,43,1,10.6907605631952,5,3,2
17,44,1,9.75400645643732,5,3,2
17,45,1,10.2973491510089,5,3,2
17,46,1,9.95444581358717,5,3,2
17,47,1,10.1721256189697,5,3,2
17,48,1,10.6924920505108,5,3,2
17,49,1,10.7347367125706,5,3,2
17,50,1,10.7377751313948,5,3,2
17,51,1,10.032086951546,5,3,2
17,52,1,9.72498083292928,5,3,2
17,53,1,9.58314660931776,5,3,2
17,54,1,10.0926872975976,5,3,2
17,55,1,10.2573585386078,5,3,2
17,56,1,10.4070614190197,5,3,2
17,57,1,10.7908649269056,5,3,2
17,58,1,10.6886067487204,5,3,2
17,59,1,9.74205508375774,5,3,2
17,60,1,10.2422122449238,5,3,2
17,61,1,10.251138188529,5,3,2
17,62,1,9.90158515057188,5,3,2
17,63,1,9.74013483806091,5,3,2
17,64,1,10.1124367453741,5,3,2
18,1,1,3.62129486767276,5,3,2
18,2,1,3.57005342165838,5,3,2
18,3,1,4.49285257786351,5,3,2
18,4,1,4.40153795005154,5,3,2
18,5,1,4.9419436006477,5,3,2
18,6,1,4.73706830637511,5,3,2
18,7,1,3.58255725711296,5,3,2
18,8,1,3.97082549231302,5,3,2
18,9,1,3.900830004237,5,3,2
18,10,1,3.70918283992781,5,3,2
18,11,1,4.4905501441923,5,3,2
18,12,1,4.25383055716719,5,3,2
18,13,1,4.18785072654767,5,3,2
18,14,1,4.83765229263993,5,3,2
18,15,1,4.39998100337502,5,3,2
18,16,1,4.79682123838359,5,3,2
18,17,1,4.61102840458788,5,3,2
18,18,1,4.41214697405966,5,3,2
18,19,1,4.33537590831182,5,3,2
18,20,1,3.93496271639438,5,3,2
18,21,1,4.96450354104338,5,3,2
18,22,1,4.72548503485426,5,3,2
18,23,1,5.14211843710557,5,3,2
18,24,1,5.48563021458371,5,3,2
18,25,1,3.84601792026959,5,3,2
18,26,1,4.65747268005536,5,3,2
18,27,1,4.69818207004439,5,3,2
18,28,1,4.83165466734442,5,3,2
18,29,1,3.88121156931173,5,3,2
18,30,1,4.16029911917585,5,3,2
18,31,1,3.22677436625711,5,3,2
18,32,1,4.65370507161286,5,3,2
18,33,1,4.72490541727282,5,3,2
18,34,1,4.61637235655067,5,3,2
18,35,1,3.95240848532715,5,3,2
18,36,1,4.20654621111065,5,3,2
18,37,1,4.27794612141769,5,3,2
18,38,1,4.46930922410928,5,3,2
18,39,1,4.54176618307241,5,3,2
18,40,1,5.23232382355065,5,3,2
18,41,1,3.87455037185082,5,3,2
18,42,1,3.80806385572416,5,3,2
18,43,1,4.73842144036575,5,3,2
18,44,1,4.71867698459007,5,3,2
18,45,1,4.00791660076673,5,3,2
18,46,1,4.58972982248552,5,3,2
18,47,1,4.8069796315741,5,3,2
18,48,1,4.35982917911114,5,3,2
18,49,1,4.53547133029549,5,3,2
18,50,1,4.12292891493512,5,3,2
18,51,1,5.26961293538051,5,3,2
18,52,1,3.73075416760209,5,3,2
18,53,1,4.28737958818104,5,3,2
18,54,1,4.09931245564299,5,3,2
18,55,1,3.98634736340829,5,3,2
18,56,1,4.25376526323344,5,3,2
18,57,1,4.42930186465163,5,3,2
18,58,1,3.71306411722235,5,3,2
18,59,1,4.61030948260116,5,3,2
18,60,1,3.7189509673616,5,3,2
18,61,1,4.3565739696222,5,3,2
18,62,1,3.86674294664593,5,3,2
18,63,1,4.83927221394453,5,3,2
18,64,1,3.65510521323792,5,3,2
19,1,1,4.95111314453626,5,3,2
19,2,1,5.16489955340541,5,3,2
19,3,1,5.75711902495215,5,3,2
19,4,1,5.8940330904798,5,3,2
19,5,1,6.88191587992878,5,3,2
19,6,1,6.66010278171318,5,3,2
19,7,1,5.94237129309231,5,3,2
19,8,1,6.03525735792627,5,3,2
19,9,1,5.30043182568396,5,3,2
19,10,1,6.14362193034734,5,3,2
19,11,1,5.84159978343564,5,3,2
19,12,1,6.51400932900196,5,3,2
19,13,1,6.5167541501989,5,3,2
19,14,1,5.96818491465549,5,3,2
19,15,1,5.86616765382863,5,3,2
19,16,1,6.2964787957777,5,3,2
19,17,1,5.38914335603523,5,3,2
19,18,1,5.74835649543498,5,3,2
19,19,1,5.81393755959823,5,3,2
19,20,1,5.34565613992646,5,3,2
19,21,1,6.06242313121479,5,3,2
19,22,1,5.44508679280997,5,3,2
19,23,1,5.76013370708695,5,3,2
19,24,1,5.75747110053625,5,3,2
19,25,1,6.68403452286261,5,3,2
19,26,1,4.9759239970427,5,3,2
19,27,1,5.68214354840477,5,3,2
19,28,1,6.41018623099511,5,3,2
19,29,1,5.07517975137237,5,3,2
19,30,1,6.72518007843823,5,3,2
19,31,1,5.78015169034648,5,3,2
19,32,1,6.24406237259593,5,3,2
19,33,1,5.94194901524458,5,3,2
19,34,1,5.9584976976133,5,3,2
19,35,1,5.11886106554231,5,3,2
19,36,1,6.10829009517739,5,3,2
19,37,1,6.09886675424745,5,3,2
19,38,1,5.38138207753102,5,3,2
19,39,1,5.465222919692,5,3,2
19,40,1,6.67916263311629,5,3,2
19,41,1,5.76515264109115,5,3,2
19,42,1,6.08677829109511,5,3,2
19,43,1,5.98079709106406,5,3,2
19,44,1,6.24194583349793,5,3,2
19,45,1,4.81712481335043,5,3,2
19,46,1,6.27064593554351,5,3,2
19,47,1,5.72040145176754,5,3,2
19,48,1,5.662720006795,5,3,2
19,49,1,5.80169726315286,5,3,2
19,50,1,5.83753896447471,5,3,2
19,51,1,6.14585013583645,5,3,2
19,52,1,6.63031147877714,5,3,2
19,53,1,4.90620160987949,5,3,2
19,54,1,6.23351107313222,5,3,2
19,55,1,6.09230102044696,5,3,2
19,56,1,6.25449525565077,5,3,2
19,57,1,5.93971785411141,5,3,2
19,58,1,6.53357276480672,5,3,2
19,59,1,5.80847775708784,5,3,2
19,60,1,5.60755492248864,5,3,2
19,61,1,6.08317950635172,5,3,2
19,62,1,6.13707817926989,5,3,2
19,63,1,6.38206583525261,5,3,2
19,64,1,6.07024156173205,5,3,2
20,1,0,3.7144278083846,5,3,2
20,2,0,4.14973768985482,5,3,2
20,3,0,3.0098654613739,5,3,2
20,4,0,3.92390246177055,5,3,2
20,5,0,4.02302883240292,5,3,2
20,6,0,3.89404518981828,5,3,2
20,7,0,2.74411390796069,5,3,2
20,8,0,3.82425017706936,5,3,2
20,9,0,3.20361059544648,5,3,2
20,10,0,3.53140062163653,5,3,2
20,11,0,3.85492999740569,5,3,2
20,12,0,3.98867032432678,5,3,2
20,13,0,3.74165241738065,5,3,2
20,14,0,3.4501298770163,5,3,2
20,15,0,2.22735527707991,5,3,2
20,16,0,4.41835568953392,5,3,2
20,17,0,3.27696038420735,5,3,2
20,18,0,3.41868868447093,5,3,2
20,19,0,3.04134959535353,5,3,2
20,20,0,3.79184830512932,5,3,2
20,21,0,3.37831433363093,5,3,2
20,22,0,3.99344261617822,5,3,2
20,23,0,4.03858582010001,5,3,2
20,24,0,3.1508348346741,5,3,2
20,25,0,3.53539074447792,5,3,2
20,26,0,3.14902233781993,5,3,2
20,27,0,3.23360829320189,5,3,2
20,28,0,3.36820452770121,5,3,2
20,29,0,3.36326370633346,5,3,2
20,30,0,4.36948423089886,5,3,2
20,31,0,3.469486298974,5,3,2
20,32,0,3.75065710121179,5,3,2
20,33,0,4.1149446403281,5,3,2
20,34,0,2.98392138547681,5,3,2
20,35,0,3.64796391623571,5,3,2
20,36,0,3.34006549670911,5,3,2
20,37,0,3.67737072981403,5,3,2
20,38,0,3.30642415696933,5,3,2
20,39,0,4.08615410679835,5,3,2
20,40,0,3.15980656923429,5,3,2
20,41,0,3.83117125704813,5,3,2
20,42,0,2.87409272604967,5,3,2
20,43,0,4.44326542336337,5,3,2
20,44,0,3.09534890246819,5,3,2
20,45,0,4.04497525128973,5,3,2
20,46,0,4.6652442166736,5,3,2
20,47,0,4.45717854338151,5,3,2
20,48,0,3.7467100784546,5,3,2
20,49,0,4.10412526614133,5,3,2
20,50,0,3.97232541835051,5,3,2
20,51,0,3.30141079031899,5,3,2
20,52,0,3.17587303698741,5,3,2
20,53,0,4.59197850849801,5,3,2
20,54,0,4.23658243227997,5,3,2
20,55,0,3.31027034691842,5,3,2
20,56,0,3.63724656268871,5,3,2
20,57,0,3.30937120750168,5,3,2
20,58,0,4.29355619427225,5,3,2
20,59,0,2.76536280379847,5,3,2
20,60,0,3.35577585202536,5,3,2
20,61,0,4.48629661312317,5,3,2
20,62,0,3.79897308800411,5,3,2
20,63,0,3.99626525080519,5,3,2
20,64,0,3.91542958497586,5,3,2
21,1,1,6.23771255853322,5,3,2
21,2,1,6.42670488913046,5,3,2
21,3,1,5.70340360604006,5,3,2
21,4,1,6.36217862832986,5,3,2
21,5,1,5.62457558833103,5,3,2
21,6,1,5.71682343161379,5,3,2
21,7,1,6.64190475176766,5,3,2
21,8,1,6.71747812224941,5,3,2
21,9,1,6.60318904422196,5,3,2
21,10,1,5.60331909213782,5,3,2
21,11,1,5.62464341650196,5,3,2
21,12,1,4.65786757999626,5,3,2
21,13,1,5.45058557701431,5,3,2
21,14,1,6.11978963344852,5,3,2
21,15,1,5.53781422465677,5,3,2
21,16,1,6.77042941381819,5,3,2
21,17,1,6.05281830688257,5,3,2
21,18,1,5.69173303895271,5,3,2
21,19,1,5.42139094587303,5,3,2
21,20,1,5.73003740110715,5,3,2
21,21,1,5.9099809808859,5,3,2
21,22,1,5.72828306899282,5,3,2
21,23,1,6.002667666642,5,3,2
21,24,1,6.16341675741272,5,3,2
21,25,1,5.26750428180183,5,3,2
21,26,1,6.13632957929365,5,3,2
21,27,1,5.5744085263901,5,3,2
21,28,1,6.40921643080798,5,3,2
21,29,1,4.87089999977319,5,3,2
21,30,1,5.30254390549244,5,3,2
21,31,1,5.91075072174803,5,3,2
21,32,1,6.31267277147677,5,3,2
21,33,1,5.63441788313047,5,3,2
21,34,1,6.15600537757291,5,3,2
21,35,1,5.75249481045403,5,3,2
21,36,1,6.34128391204643,5,3,2
21,37,1,5.72475531913849,5,3,2
21,38,1,6.19639081174753,5,3,2
21,39,1,5.35290838813766,5,3,2
21,40,1,6.07378803441507,5,3,2
21,41,1,6.23849575646645,5,3,2
21,42,1,5.12570068179762,5,3,2
21,43,1,6.0675652449165,5,3,2
21,44,1,5.4469504946961,5,3,2
21,45,1,6.26822687648358,5,3,2
21,46,1,5.98496867375774,5,3,2
21,47,1,5.95964522921312,5,3,2
21,48,1,6.61067156522597,5,3,2
21,49,1,5.04039241052276,5,3,2
21,50,1,6.27900298396751,5,3,2
21,51,1,6.37020301574406,5,3,2
21,52,1,6.53305738108961,5,3,2
21,53,1,4.73630777993336,5,3,2
21,54,1,5.9551114834223,5,3,2
21,55,1,6.47155444183122,5,3,2
21,56,1,5.69430668722308,5,3,2
21,57,1,5.98502653705874,5,3,2
21,58,1,5.67996124206791,5,3,2
21,59,1,5.67938846527674,5,3,2
21,60,1,6.27668145536544,5,3,2
21,61,1,6.02900501123181,5,3,2
21,62,1,6.49787730650337,5,3,2
21,63,1,6.27212585473682,5,3,2
21,64,1,6.54580731181467,5,3,2
22,1,1,11.1453131586477,5,3,2
22,2,1,10.6673414391873,5,3,2
22,3,1,9.96762996257051,5,3,2
22,4,1,10.9863123037485,5,3,2
22,5,1,10.7015982861666,5,3,2
22,6,1,10.3809821253864,5,3,2
22,7,1,10.0047076505169,5,3,2
22,8,1,10.2181593835297,5,3,2
22,9,1,10.304337975394,5,3,2
22,10,1,11.2617014645472,5,3,2
22,11,1,10.3468806409097,5,3,2
22,12,1,9.87227253335141,5,3,2
22,13,1,11.2513759633316,5,3,2
22,14,1,9.63168018251243,5,3,2
22,15,1,9.99497146181355,5,3,2
22,16,1,9.68259056313262,5,3,2
22,17,1,10.3162415672271,5,3,2
22,18,1,10.6935768431957,5,3,2
22,19,1,10.2461292432931,5,3,2
22,20,1,9.74883904984906,5,3,2
22,21,1,10.8914932592618,5,3,2
22,22,1,10.6923490729648,5,3,2
22,23,1,11.3563932384707,5,3,2
22,24,1,11.052826572989,5,3,2
22,25,1,10.5203443757495,5,3,2
22,26,1,10.369164831574,5,3,2
22,27,1,10.9369017713303,5,3,2
22,28,1,9.88554067792066,5,3,2
22,29,1,10.7461738786752,5,3,2
22,30,1,11.4803786936309,5,3,2
22,31,1,10.0574618401256,5,3,2
22,32,1,10.1937493467928,5,3,2
22,33,1,9.84787442340686,5,3,2
22,34,1,10.2484918798644,5,3,2
22,35,1,10.2391536766914,5,3,2
22,36,1,9.9728916244245,5,3,2
22,37,1,10.477413965963,5,3,2
22,38,1,10.3052468156794,5,3,2
22,39,1,10.4370859462294,5,3,2
22,40,1,10.555470398656,5,3,2
22,41,1,10.1954296533604,5,3,2
22,42,1,10.7803179222207,5,3,2
22,43,1,10.1539806650593,5,3,2
22,44,1,9.4938982528768,5,3,2
22,45,1,10.3540575123383,5,3,2
22,46,1,10.5339404448651,5,3,2
22,47,1,10.5630281620265,5,3,2
22,48,1,10.290028733305,5,3,2
22,49,1,9.99639768329621,5,3,2
22,50,1,10.4873386350975,5,3,2
22,51,1,10.0019131736201,5,3,2
22,52,1,9.14717621066201,5,3,2
22,53,1,11.02988001962,5,3,2
22,54,1,10.0854999089044,5,3,2
22,55,1,10.3972361482165,5,3,2
22,56,1,11.5454475269206,5,3,2
22,57,1,10.1946421763462,5,3,2
22,58,1,8.91015366282399,5,3,2
22,59,1,10.8439936828399,5,3,2
22,60,1,11.0894628322367,5,3,2
22,61,1,10.0651640854799,5,3,2
22,62,1,10.3512522886181,5,3,2
22,63,1,10.2087519770924,5,3,2
22,64,1,10.0547027316157,5,3,2
23,1,1,12.3436588906781,5,3,2
23,2,1,11.8483927969508,5,3,2
23,3,1,11.6904446785038,5,3,2
23,4,1,12.5530152225784,5,3,2
23,5,1,11.5389030433164,5,3,2
23,6,1,11.0929282483879,5,3,2
23,7,1,11.8413074544305,5,3,2
23,8,1,12.0966031339435,5,3,2
23,9,1,12.5753985178526,5,3,2
23,10,1,12.2735898648676,5,3,2
23,11,1,12.3398330424058,5,3,2
23,12,1,11.9350020060086,5,3,2
23,13,1,11.695780179795,5,3,2
23,14,1,12.7203894818334,5,3,2
23,15,1,10.974013358151,5,3,2
23,16,1,11.2737731107381,5,3,2
23,17,1,11.1699844897591,5,3,2
23,18,1,11.5201550281957,5,3,2
23,19,1,12.1020103275782,5,3,2
23,20,1,12.2636731653782,5,3,2
23,21,1,12.3429083358273,5,3,2
23,22,1,10.8651697069432,5,3,2
23,23,1,11.979978494099,5,3,2
23,24,1,10.8035168387018,5,3,2
23,25,1,10.9145473775056,5,3,2
23,26,1,11.4470156488256,5,3,2
23,27,1,10.3050761533503,5,3,2
23,28,1,12.0352242323324,5,3,2
23,29,1,12.1163092413839,5,3,2
23,30,1,12.4115277475724,5,3,2
23,31,1,11.8393784036704,5,3,2
23,32,1,11.7498808201734,5,3,2
23,33,1,12.9215510514808,5,3,2
23,34,1,11.9527137110094,5,3,2
23,35,1,11.3738548062833,5,3,2
23,36,1,12.1168396154147,5,3,2
23,37,1,11.3443069803051,5,3,2
23,38,1,12.3876935956486,5,3,2
23,39,1,12.3474429578684,5,3,2
23,40,1,11.6833102938552,5,3,2
23,41,1,12.7353809037363,5,3,2
23,42,1,11.8390779674262,5,3,2
23,43,1,11.135896205016,5,3,2
23,44,1,12.2485973346118,5,3,2
23,45,1,11.5139238860395,5,3,2
23,46,1,12.126536171107,5,3,2
23,47,1,11.4972978384251,5,3,2
23,48,1,11.4040579648882,5,3,2
23,49,1,11.9759475518527,5,3,2
23,50,1,12.096087099677,5,3,2
23,51,1,11.8884488338146,5,3,2
23,52,1,12.1641843473115,5,3,2
23,53,1,11.5278593226116,5,3,2
23,54,1,11.6438560539228,5,3,2
23,55,1,12.0937026402564,5,3,2
23,56,1,11.1819326223206,5,3,2
23,57,1,11.7706241643601,5,3,2
23,58,1,11.8636361764037,5,3,2
23,59,1,12.2374929093346,5,3,2
23,60,1,11.3789385478507,5,3,2
23,61,1,11.8409356253463,5,3,2
23,62,1,11.4154977505923,5,3,2
23,63,1,12.001854510866,5,3,2
23,64,1,11.6844285169971,5,3,2
24,1,0,6.0553983899423,5,3,2
24,2,0,4.80226714341302,5,3,2
24,3,0,5.28973088431435,5,3,2
24,4,0,6.11868427640719,5,3,2
24,5,0,5.37753096220233,5,3,2
24,6,0,5.40300608929314,5,3,2
24,7,0,5.67447240774991,5,3,2
24,8,0,6.6580438124029,5,3,2
24,9,0,5.78161902472238,5,3,2
24,10,0,5.69283877962445,5,3,2
24,11,0,5.17494902839233,5,3,2
24,12,0,5.37596416741395,5,3,2
24,13,0,5.52318208918222,5,3,2
24,14,0,5.91855001990847,5,3,2
24,15,0,6.14506563077601,5,3,2
24,16,0,6.21103341923619,5,3,2
24,17,0,5.68613767213364,5,3,2
24,18,0,4.83777089771143,5,3,2
24,19,0,5.99674402748588,5,3,2
24,20,0,5.50671394444684,5,3,2
24,21,0,5.23646041720447,5,3,2
24,22,0,5.05057798656662,5,3,2
24,23,0,5.41210740514041,5,3,2
24,24,0,5.67760798783689,5,3,2
24,25,0,5.15629887163542,5,3,2
24,26,0,6.2160978368588,5,3,2
24,27,0,5.35485669174097,5,3,2
24,28,0,6.38560255699956,5,3,2
24,29,0,5.1269296524725,5,3,2
24,30,0,6.14378650347754,5,3,2
24,31,0,6.42960773796881,5,3,2
24,32,0,6.82776708108416,5,3,2
24,33,0,6.06634814823674,5,3,2
24,34,0,4.94681718855172,5,3,2
24,35,0,5.49790145686292,5,3,2
24,36,0,5.53944172616123,5,3,2
24,37,0,4.05993407588696,5,3,2
24,38,0,5.25305538570235,5,3,2
24,39,0,5.54759296878228,5,3,2
24,40,0,6.53404343637894,5,3,2
24,41,0,5.13521367429344,5,3,2
24,42,0,5.74568847042448,5,3,2
24,43,0,6.28321440255898,5,3,2
24,44,0,6.02233376202665,5,3,2
24,45,0,6.29439530809215,5,3,2
24,46,0,5.83382501819345,5,3,2
24,47,0,5.4438292972807,5,3,2
24,48,0,6.45210081416148,5,3,2
24,49,0,5.59096583621397,5,3,2
24,50,0,5.6981160035491,5,3,2
24,51,0,5.3476932536843,5,3,2
24,52,0,5.2354399907151,5,3,2
24,53,0,6.55414407331306,5,3,2
24,54,0,5.6419160523332,5,3,2
24,55,0,6.72060069670908,5,3,2
24,56,0,6.24433155577706,5,3,2
24,57,0,5.84353482273249,5,3,2
24,58,0,5.25795130624393,5,3,2
24,59,0,6.02231048687272,5,3,2
24,60,0,6.03299613876158,5,3,2
24,61,0,5.28356638727848,5,3,2
24,62,0,6.16227049898824,5,3,2
24,63,0,6.37241058144262,5,3,2
24,64,0,5.67081942003606,5,3,2
25,1,0,6.33383689601291,5,3,2
25,2,0,6.33296939243862,5,3,2
25,3,0,5.55306571944315,5,3,2
25,4,0,7.38450336227819,5,3,2
25,5,0,6.42647413545471,5,3,2
25,6,0,5.8633328573439,5,3,2
25,7,0,5.69273549840276,5,3,2
25,8,0,5.9263059352183,5,3,2
25,9,0,6.80848830324638,5,3,2
25,10,0,6.41352039803042,5,3,2
25,11,0,5.47691153438991,5,3,2
25,12,0,5.8744095986155,5,3,2
25,13,0,5.71098582071552,5,3,2
25,14,0,6.64478378383661,5,3,2
25,15,0,6.81004249518999,5,3,2
25,16,0,5.58037345721112,5,3,2
25,17,0,5.79005343593882,5,3,2
25,18,0,6.94510996591924,5,3,2
25,19,0,5.56546048711437,5,3,2
25,20,0,6.36216384925601,5,3,2
25,21,0,6.79568456524274,5,3,2
25,22,0,6.06386976702194,5,3,2
25,23,0,6.51791407934723,5,3,2
25,24,0,6.12264854257188,5,3,2
25,25,0,6.2105019715958,5,3,2
25,26,0,5.99668432394874,5,3,2
25,27,0,5.87122746812126,5,3,2
25,28,0,6.90037941595264,5,3,2
25,29,0,6.48038125677995,5,3,2
25,30,0,6.85293022606239,5,3,2
25,31,0,6.52731151692388,5,3,2
25,32,0,5.63795315595216,5,3,2
25,33,0,4.87054614457868,5,3,2
25,34,0,5.93815980588198,5,3,2
25,35,0,6.17242601601462,5,3,2
25,36,0,5.33042537383461,5,3,2
25,37,0,6.46629531673879,5,3,2
25,38,0,6.04149604513875,5,3,2
25,39,0,5.5558524669584,5,3,2
25,40,0,6.48081615348652,5,3,2
25,41,0,6.32627198734891,5,3,2
25,42,0,6.66671328505672,5,3,2
25,43,0,6.1273220366831,5,3,2
25,44,0,7.52253765682534,5,3,2
25,45,0,5.85849864805661,5,3,2
25,46,0,5.96473918868362,5,3,2
25,47,0,7.04695069854277,5,3,2
25,48,0,5.75151544091734,5,3,2
25,49,0,6.33959747094801,5,3,2
25,50,0,6.623523795928,5,3,2
25,51,0,6.73183052664166,5,3,2
25,52,0,6.39571472388473,5,3,2
25,53,0,6.37534739829607,5,3,2
25,54,0,6.50636273030495,5,3,2
25,55,0,6.74965767837334,5,3,2
25,56,0,6.21699617439406,5,3,2
25,57,0,5.7882457232009,5,3,2
25,58,0,7.01750582701987,5,3,2
25,59,0,6.63207119492706,5,3,2
25,60,0,5.87815690481773,5,3,2
25,61,0,5.96095657047354,5,3,2
25,62,0,6.68053078116337,5,3,2
25,63,0,5.70924673234361,5,3,2
25,64,0,6.40164991013825,5,3,2
26,1,1,4.56261946325833,5,3,2
26,2,1,3.96568078667409,5,3,2
26,3,1,4.1832096020688,5,3,2
26,4,1,4.70253645402608,5,3,2
26,5,1,3.87656254264814,5,3,2
26,6,1,5.14189351205053,5,3,2
26,7,1,4.95265577139192,5,3,2
26,8,1,5.04198988437295,5,3,2
26,9,1,3.95443045756229,5,3,2
26,10,1,3.60334813878033,5,3,2
26,11,1,4.35009470772845,5,3,2
26,12,1,4.15684495838504,5,3,2
26,13,1,4.63622742429206,5,3,2
26,14,1,4.25103777747594,5,3,2
26,15,1,5.00468163525776,5,3,2
26,16,1,4.43645886143789,5,3,2
26,17,1,3.59833003544845,5,3,2
26,18,1,3.45694229156871,5,3,2
26,19,1,4.3432850681127,5,3,2
26,20,1,4.65535949439195,5,3,2
26,21,1,4.7307303823976,5,3,2
26,22,1,4.85963859323161,5,3,2
26,23,1,5.19555836849488,5,3,2
26,24,1,5.08477022604266,5,3,2
26,25,1,4.74433407847725,5,3,2
26,26,1,5.21091549650498,5,3,2
26,27,1,4.27152487915699,5,3,2
26,28,1,4.73000787834742,5,3,2
26,29,1,4.3205133844664,5,3,2
26,30,1,4.77595892736737,5,3,2
26,31,1,3.71037047689844,5,3,2
26,32,1,5.04428641363954,5,3,2
26,33,1,4.54954961339223,5,3,2
26,34,1,4.03419371292241,5,3,2
26,35,1,4.39014171757177,5,3,2
26,36,1,4.8811647148638,5,3,2
26,37,1,4.49038466941612,5,3,2
26,38,1,4.80692494840492,5,3,2
26,39,1,4.75748879937988,5,3,2
26,40,1,4.80532006774198,5,3,2
26,41,1,4.69982959924229,5,3,2
26,42,1,3.3977050654626,5,3,2
26,43,1,4.05047707648488,5,3,2
26,44,1,4.97806831866025,5,3,2
26,45,1,4.52123725140436,5,3,2
26,46,1,4.44199165816782,5,3,2
26,47,1,5.09625903576047,5,3,2
26,48,1,4.24881053986148,5,3,2
26,49,1,4.35373933328396,5,3,2
26,50,1,4.19539160918073,5,3,2
26,51,1,4.56737826789334,5,3,2
26,52,1,4.74816632663511,5,3,2
26,53,1,5.03993830102474,5,3,2
26,54,1,3.73242083329175,5,3,2
26,55,1,4.45854933733675,5,3,2
26,56,1,4.72377841280448,5,3,2
26,57,1,4.30832467510581,5,3,2
26,58,1,4.18405378307903,5,3,2
26,59,1,5.08680072069483,5,3,2
26,60,1,4.32371822653902,5,3,2
26,61,1,3.84454092356645,5,3,2
26,62,1,3.56498235878719,5,3,2
26,63,1,4.79409927599924,5,3,2
26,64,1,4.32062408929777,5,3,2
27,1,0,6.00050858626713,5,3,2
27,2,0,5.96857910908304,5,3,2
27,3,0,6.13278317313813,5,3,2
27,4,0,5.68413971836214,5,3,2
27,5,0,6.3490853190244,5,3,2
27,6,0,5.85606140668069,5,3,2
27,7,0,5.49147557171156,5,3,2
27,8,0,6.41440831877798,5,3,2
27,9,0,5.7598957703251,5,3,2
27,10,0,5.39695886006325,5,3,2
27,11,0,5.19531205154923,5,3,2
27,12,0,5.61659146388549,5,3,2
27,13,0,6.51636253788852,5,3,2
27,14,0,5.74249320950796,5,3,2
27,15,0,5.34863010896538,5,3,2
27,16,0,5.99066965375693,5,3,2
27,17,0,6.22027742402401,5,3,2
27,18,0,5.32039602098326,5,3,2
27,19,0,6.50750981340833,5,3,2
27,20,0,5.18437305959384,5,3,2
27,21,0,5.14678088956945,5,3,2
27,22,0,5.86344514904582,5,3,2
27,23,0,5.54110015818282,5,3,2
27,24,0,4.75741910298542,5,3,2
27,25,0,5.59809887195831,5,3,2
27,26,0,5.65620383073192,5,3,2
27,27,0,6.34378790660615,5,3,2
27,28,0,6.26231796964857,5,3,2
27,29,0,5.02300406574214,5,3,2
27,30,0,5.95093974157716,5,3,2
27,31,0,6.32341558776635,5,3,2
27,32,0,5.54228144326752,5,3,2
27,33,0,5.47318384462737,5,3,2
27,34,0,5.47225622537903,5,3,2
27,35,0,5.78316665785838,5,3,2
27,36,0,5.78455519618801,5,3,2
27,37,0,5.67155398424522,5,3,2
27,38,0,7.08509769036624,5,3,2
27,39,0,5.46336776407426,5,3,2
27,40,0,6.0279381387925,5,3,2
27,41,0,6.49597541126819,5,3,2
27,42,0,6.25629257258176,5,3,2
27,43,0,6.64120470228661,5,3,2
27,44,0,4.67169076063188,5,3,2
27,45,0,5.97301241514473,5,3,2
27,46,0,5.39853718549432,5,3,2
27,47,0,6.54808727400284,5,3,2
27,48,0,5.7546560966699,5,3,2
27,49,0,5.86043882599544,5,3,2
27,50,0,6.73304069054485,5,3,2
27,51,0,5.29105863721546,5,3,2
27,52,0,6.4702680634622,5,3,2
27,53,0,6.31057207361435,5,3,2
27,54,0,6.49308438238227,5,3,2
27,55,0,5.22372652662244,5,3,2
27,56,0,6.33125886679435,5,3,2
27,57,0,5.82194515652657,5,3,2
27,58,0,5.95041458090982,5,3,2
27,59,0,5.68655565191832,5,3,2
27,60,0,5.29192197085068,5,3,2
27,61,0,6.24702771453835,5,3,2
27,62,0,5.29456418511131,5,3,2
27,63,0,5.37382002335088,5,3,2
27,64,0,5.76761395934201,5,3,2
28,1,1,9.08164781295578,5,3,2
28,2,1,10.716931532729,5,3,2
28,3,1,10.6415895376821,5,3,2
28,4,1,10.0488389402088,5,3,2
28,5,1,9.41895315863639,5,3,2
28,6,1,10.5125181435386,5,3,2
28,7,1,10.3253452256446,5,3,2
28,8,1,10.1402098835298,5,3,2
28,9,1,10.5060836239343,5,3,2
28,10,1,9.67410462430206,5,3,2
28,11,1,9.87969292603111,5,3,2
28,12,1,10.1189782783042,5,3,2
28,13,1,10.4168900367221,5,3,2
28,14,1,10.0923952679638,5,3,2
28,15,1,9.32057320420508,5,3,2
28,16,1,10.0253146821668,5,3,2
28,17,1,10.0310567885368,5,3,2
28,18,1,10.1722430408016,5,3,2
28,19,1,9.09341821412917,5,3,2
28,20,1,9.95940208556205,5,3,2
28,21,1,10.797728725814,5,3,2
28,22,1,9.41156270528588,5,3,2
28,23,1,9.78027749799882,5,3,2
28,24,1,10.0896726984097,5,3,2
28,25,1,9.20768969158207,5,3,2
28,26,1,10.7903796737972,5,3,2
28,27,1,10.3294342043228,5,3,2
28,28,1,9.75113526982013,5,3,2
28,29,1,10.478694039986,5,3,2
28,30,1,10.451246005278,5,3,2
28,31,1,10.5505361825203,5,3,2
28,32,1,9.77067449777113,5,3,2
28,33,1,11.1805409409295,5,3,2
28,34,1,9.74184028755499,5,3,2
28,35,1,10.4069871985043,5,3,2
28,36,1,9.68787537260273,5,3,2
28,37,1,10.1127995885942,5,3,2
28,38,1,10.566878800001,5,3,2
28,39,1,11.0467958791577,5,3,2
28,40,1,9.25852972912343,5,3,2
28,41,1,10.8591023226231,5,3,2
28,42,1,10.0298660911923,5,3,2
28,43,1,9.6220066414098,5,3,2
28,44,1,10.7061190756233,5,3,2
28,45,1,9.8586994729604,5,3,2
28,46,1,10.3965122710136,5,3,2
28,47,1,10.0198010546518,5,3,2
28,48,1,10.2241539365869,5,3,2
28,49,1,9.52047473900399,5,3,2
28,50,1,10.2060555334448,5,3,2
28,51,1,9.52579913030979,5,3,2
28,52,1,10.0982726909002,5,3,2
28,53,1,9.84748352648087,5,3,2
28,54,1,9.8696432871108,5,3,2
28,55,1,9.83389832339513,5,3,2
28,56,1,9.83256681345523,5,3,2
28,57,1,10.0981804237582,5,3,2
28,58,1,9.86892834875091,5,3,2
28,59,1,10.2940932347822,5,3,2
28,60,1,10.284612760732,5,3,2
28,61,1,9.9982016068711,5,3,2
28,62,1,9.23969262110555,5,3,2
28,63,1,10.9171196997549,5,3,2
28,64,1,9.38628985575602,5,3,2
29,1,0,0.567559420867129,5,3,2
29,2,0,-0.46939988570983,5,3,2
29,3,0,0.778880166676398,5,3,2
29,4,0,1.36738156720438,5,3,2
29,5,0,0.878346368437414,5,3,2
29,6,0,0.392786309901734,5,3,2
29,7,0,0.142413691868339,5,3,2
29,8,0,-0.202353152492499,5,3,2
29,9,0,0.0335678545301247,5,3,2
29,10,0,-0.402324408783464,5,3,2
29,11,0,-0.117420100151895,5,3,2
29,12,0,0.493521247426192,5,3,2
29,13,0,-0.225158206618617,5,3,2
29,14,0,0.151005530283208,5,3,2
29,15,0,0.494636891972335,5,3,2
29,16,0,0.631528015107343,5,3,2
29,17,0,0.427499520651925,5,3,2
29,18,0,0.352415628911203,5,3,2
29,19,0,0.459908187037509,5,3,2
29,20,0,0.541363140523439,5,3,2
29,21,0,-0.642559728971634,5,3,2
29,22,0,-0.337681783473491,5,3,2
29,23,0,1.13632452209306,5,3,2
29,24,0,1.24348430318361,5,3,2
29,25,0,0.505320481957972,5,3,2
29,26,0,1.24329355795234,5,3,2
29,27,0,0.200116204534023,5,3,2
29,28,0,0.233075582571084,5,3,2
29,29,0,0.69666073424847,5,3,2
29,30,0,-0.139945201048167,5,3,2
29,31,0,0.283686902109609,5,3,2
29,32,0,0.887346218952561,5,3,2
29,33,0,0.359212215932418,5,3,2
29,34,0,-0.747294283458133,5,3,2
29,35,0,0.707207830005614,5,3,2
29,36,0,0.321397698191241,5,3,2
29,37,0,0.554380228292136,5,3,2
29,38,0,0.570203752795687,5,3,2
29,39,0,1.13831341529744,5,3,2
29,40,0,0.396215780242306,5,3,2
29,41,0,-0.690880484710617,5,3,2
29,42,0,-0.710265553178752,5,3,2
29,43,0,0.683950154726589,5,3,2
29,44,0,0.169509174153577,5,3,2
29,45,0,0.404982945347379,5,3,2
29,46,0,0.514017908613134,5,3,2
29,47,0,0.604787196725011,5,3,2
29,48,0,0.757161046584225,5,3,2
29,49,0,-0.201212123075233,5,3,2
29,50,0,0.017222678011633,5,3,2
29,51,0,1.14843682625569,5,3,2
29,52,0,0.700646452775847,5,3,2
29,53,0,0.587768989460411,5,3,2
29,54,0,-0.0236588222512566,5,3,2
29,55,0,-0.090763912973334,5,3,2
29,56,0,-0.218385781957689,5,3,2
29,57,0,1.36668326010595,5,3,2
29,58,0,0.73777494166244,5,3,2
29,59,0,0.784110150982965,5,3,2
29,60,0,1.08283355259439,5,3,2
29,61,0,0.868286970682488,5,3,2
29,62,0,1.76726012440469,5,3,2
29,63,0,0.790071929798779,5,3,2
29,64,0,-0.172779837895532,5,3,2
30,1,1,4.80428613932069,5,3,2
30,2,1,4.52732897150281,5,3,2
30,3,1,4.45675069065444,5,3,2
30,4,1,4.26697459003688,5,3,2
30,5,1,3.6510925899218,5,3,2
30,6,1,5.59803882967812,5,3,2
30,7,1,4.60203186581329,5,3,2
30,8,1,5.17618082498397,5,3,2
30,9,1,4.87711557153331,5,3,2
30,10,1,4.02136300830251,5,3,2
30,11,1,4.70454473176577,5,3,2
30,12,1,4.08168603612298,5,3,2
30,13,1,3.65666380536677,5,3,2
30,14,1,4.07792708336079,5,3,2
30,15,1,4.50624930161413,5,3,2
30,16,1,4.20420643037953,5,3,2
30,17,1,4.53111206248513,5,3,2
30,18,1,3.69209993828953,5,3,2
30,19,1,4.03930634107628,5,3,2
30,20,1,4.70414919531638,5,3,2
30,21,1,4.07606786953761,5,3,2
30,22,1,3.86780761225557,5,3,2
30,23,1,4.06050083438244,5,3,2
30,24,1,4.16540982920587,5,3,2
30,25,1,4.61822625635029,5,3,2
30,26,1,3.25488947037126,5,3,2
30,27,1,4.26128945521923,5,3,2
30,28,1,3.68279148051435,5,3,2
30,29,1,4.64928579924768,5,3,2
30,30,1,4.47898395144738,5,3,2
30,31,1,4.68248193346893,5,3,2
30,32,1,3.82578879038701,5,3,2
30,33,1,3.76045970267021,5,3,2
30,34,1,3.53376685695724,5,3,2
30,35,1,4.40775914320331,5,3,2
30,36,1,3.642376471166,5,3,2
30,37,1,3.72488056304252,5,3,2
30,38,1,4.27551147109635,5,3,2
30,39,1,4.95542804527886,5,3,2
30,40,1,4.0255326622373,5,3,2
30,41,1,4.19455888919901,5,3,2
30,42,1,4.70752507108445,5,3,2
30,43,1,4.94579648041288,5,3,2
30,44,1,5.19081906656153,5,3,2
30,45,1,3.37109422484105,5,3,2
30,46,1,4.43629857938196,5,3,2
30,47,1,3.82380947928378,5,3,2
30,48,1,5.05447516576165,5,3,2
30,49,1,3.89312123743747,5,3,2
30,50,1,4.53599929952436,5,3,2
30,51,1,5.09690870731024,5,3,2
30,52,1,4.93707194045848,5,3,2
30,53,1,4.40585376036491,5,3,2
30,54,1,4.58149586335644,5,3,2
30,55,1,3.79359248508659,5,3,2
30,56,1,3.32812512795536,5,3,2
30,57,1,4.40140665944588,5,3,2
30,58,1,4.4775667551895,5,3,2
30,59,1,4.05579489530822,5,3,2
30,60,1,4.26118381209611,5,3,2
30,61,1,4.49993400780393,5,3,2
30,62,1,3.73589263226822,5,3,2
30,63,1,5.13740857920459,5,3,2
30,64,1,4.14798885593385,5,3,2
31,1,0,3.64311402512411,5,3,2
31,2,0,3.93189823984149,5,3,2
31,3,0,3.99999613778923,5,3,2
31,4,0,3.74397514553426,5,3,2
31,5,0,4.53128650399914,5,3,2
31,6,0,4.42884917372076,5,3,2
31,7,0,4.47088535574734,5,3,2
31,8,0,4.7008912799676,5,3,2
31,9,0,3.72957401298821,5,3,2
31,10,0,3.76755024846582,5,3,2
31,11,0,4.05786724567943,5,3,2
31,12,0,4.34214418059039,5,3,2
31,13,0,4.46807573934711,5,3,2
31,14,0,4.06434810016504,5,3,2
31,15,0,3.37673294956305,5,3,2
31,16,0,3.62992298676809,5,3,2
31,17,0,3.56452394834079,5,3,2
31,18,0,4.34892151298317,5,3,2
31,19,0,4.04751327336858,5,3,2
31,20,0,4.33168574715694,5,3,2
31,21,0,3.88532942530396,5,3,2
31,22,0,3.17157755027421,5,3,2
31,23,0,3.85027028686665,5,3,2
31,24,0,3.76601452209853,5,3,2
31,25,0,4.25180894514292,5,3,2
31,26,0,4.42542663080231,5,3,2
31,27,0,3.49408069315941,5,3,2
31,28,0,3.98880249598009,5,3,2
31,29,0,3.60248739838818,5,3,2
31,30,0,4.10632070811683,5,3,2
31,31,0,3.9487002100357,5,3,2
31,32,0,4.42951512024081,5,3,2
31,33,0,4.97515340309496,5,3,2
31,34,0,4.17742232475608,5,3,2
31,35,0,4.05165057831279,5,3,2
31,36,0,3.26761646405204,5,3,2
31,37,0,5.72062483695,5,3,2
31,38,0,4.59372305148115,5,3,2
31,39,0,4.00443822313699,5,3,2
31,40,0,3.72741778901313,5,3,2
31,41,0,4.65881631436742,5,3,2
31,42,0,4.2456381183073,5,3,2
31,43,0,3.44195908680912,5,3,2
31,44,0,3.2155201521716,5,3,2
31,45,0,4.29452240862229,5,3,2
31,46,0,3.23095776446925,5,3,2
31,47,0,3.54436291360081,5,3,2
31,48,0,3.93027858922655,5,3,2
31,49,0,3.9783771550842,5,3,2
31,50,0,3.95068746170035,5,3,2
31,51,0,4.0004970268428,5,3,2
31,52,0,4.29859297837323,5,3,2
31,53,0,3.61618638564336,5,3,2
31,54,0,4.58853386675878,5,3,2
31,55,0,3.4641838343817,5,3,2
31,56,0,4.72456414639044,5,3,2
31,57,0,3.8107110664749,5,3,2
31,58,0,3.49945754314344,5,3,2
31,59,0,4.1291738749264,5,3,2
31,60,0,4.02801136319275,5,3,2
31,61,0,3.83106583481072,5,3,2
31,62,0,5.31421115675258,5,3,2
31,63,0,4.19212012813762,5,3,2
31,64,0,4.31934841010344,5,3,2
32,1,1,5.01573396169489,5,3,2
32,2,1,4.41824123295515,5,3,2
32,3,1,4.96589053290063,5,3,2
32,4,1,5.79109269625965,5,3,2
32,5,1,4.83664860575413,5,3,2
32,6,1,5.20882211168497,5,3,2
32,7,1,3.96705549726345,5,3,2
32,8,1,5.53839973664352,5,3,2
32,9,1,3.97454825046669,5,3,2
32,10,1,4.08462305364041,5,3,2
32,11,1,5.05403723308421,5,3,2
32,12,1,5.43425173334497,5,3,2
32,13,1,4.81192916579805,5,3,2
32,14,1,4.61847065410918,5,3,2
32,15,1,4.94045001053601,5,3,2
32,16,1,4.63444530153652,5,3,2
32,17,1,4.66737912050943,5,3,2
32,18,1,4.56460671054074,5,3,2
32,19,1,4.44162169548913,5,3,2
32,20,1,4.41665122685278,5,3,2
32,21,1,4.97162973820273,5,3,2
32,22,1,4.31155281180917,5,3,2
32,23,1,4.77130898164305,5,3,2
32,24,1,4.70313666797973,5,3,2
32,25,1,5.23158996102034,5,3,2
32,26,1,4.17610348353689,5,3,2
32,27,1,4.61139242218017,5,3,2
32,28,1,4.26571249110666,5,3,2
32,29,1,4.78377155691023,5,3,2
32,30,1,5.07326057249612,5,3,2
32,31,1,4.85229434205216,5,3,2
32,32,1,4.93180191923605,5,3,2
32,33,1,5.70700902149166,5,3,2
32,34,1,4.01204661612845,5,3,2
32,35,1,4.05148793309545,5,3,2
32,36,1,4.0257522574076,5,3,2
32,37,1,3.84556975112409,5,3,2
32,38,1,4.86329800138721,5,3,2
32,39,1,4.39240296635103,5,3,2
32,40,1,4.77022392866175,5,3,2
32,41,1,4.92883945657112,5,3,2
32,42,1,4.61003172618694,5,3,2
32,43,1,4.38896935488651,5,3,2
32,44,1,4.10189759939391,5,3,2
32,45,1,4.82239910914733,5,3,2
32,46,1,4.36593504053096,5,3,2
32,47,1,4.42673145859134,5,3,2
32,48,1,4.73402849624395,5,3,2
32,49,1,6.18337743401193,5,3,2
32,50,1,4.70651686522836,5,3,2
32,51,1,4.23882047904554,5,3,2
32,52,1,3.46810663824505,5,3,2
32,53,1,4.66703531339389,5,3,2
32,54,1,5.1030972351062,5,3,2
32,55,1,3.78745695178153,5,3,2
32,56,1,4.67730095903985,5,3,2
32,57,1,5.46593129769085,5,3,2
32,58,1,4.55580800216032,5,3,2
32,59,1,4.38398557809273,5,3,2
32,60,1,4.68665484540638,5,3,2
32,61,1,4.55396887904381,5,3,2
32,62,1,4.7583292668892,5,3,2
32,63,1,4.68340815402411,5,3,2
32,64,1,4.48191013579193,5,3,2
33,1,1,14.0826456819157,5,3,2
33,2,1,12.9440517639458,5,3,2
33,3,1,13.0442889736348,5,3,2
33,4,1,12.3863741638248,5,3,2
33,5,1,13.640687752014,5,3,2
33,6,1,12.9653708723642,5,3,2
33,7,1,13.102333156008,5,3,2
33,8,1,13.3906543518479,5,3,2
33,9,1,12.5728913324013,5,3,2
33,10,1,14.3028561186889,5,3,2
33,11,1,13.57087626645,5,3,2
33,12,1,12.5901085006061,5,3,2
33,13,1,13.3566756012273,5,3,2
33,14,1,12.9620664114116,5,3,2
33,15,1,12.4693042923672,5,3,2
33,16,1,12.7242434141458,5,3,2
33,17,1,13.316799561448,5,3,2
33,18,1,11.6677893481932,5,3,2
33,19,1,12.4321058344924,5,3,2
33,20,1,13.2466263534704,5,3,2
33,21,1,12.8786057484626,5,3,2
33,22,1,13.448511564212,5,3,2
33,23,1,13.1426285913667,5,3,2
33,24,1,12.6551295587643,5,3,2
33,25,1,13.908754839217,5,3,2
33,26,1,12.9373040426843,5,3,2
33,27,1,13.7262712776931,5,3,2
33,28,1,13.4895578478419,5,3,2
33,29,1,13.0248529066844,5,3,2
33,30,1,13.0227834070255,5,3,2
33,31,1,12.3449429566969,5,3,2
33,32,1,13.815870644467,5,3,2
33,33,1,12.9028939152851,5,3,2
33,34,1,13.1167109963102,5,3,2
33,35,1,13.1242312109076,5,3,2
33,36,1,13.1014135757188,5,3,2
33,37,1,12.6727162140822,5,3,2
33,38,1,13.121828670964,5,3,2
33,39,1,13.3336681500063,5,3,2
33,40,1,12.5926196582587,5,3,2
33,41,1,13.670179493266,5,3,2
33,42,1,12.743853612123,5,3,2
33,43,1,13.0558330436938,5,3,2
33,44,1,12.8575530081943,5,3,2
33,45,1,13.9988004592473,5,3,2
33,46,1,12.9501564155893,5,3,2
33,47,1,12.9545923220357,5,3,2
33,48,1,13.2269780566956,5,3,2
33,49,1,12.9129681281851,5,3,2
33,50,1,11.8348584558908,5,3,2
33,51,1,12.3922850979391,5,3,2
33,52,1,12.3611867140103,5,3,2
33,53,1,13.2435872257333,5,3,2
33,54,1,12.5776984825056,5,3,2
33,55,1,13.0790865042167,5,3,2
33,56,1,13.7740827626101,5,3,2
33,57,1,12.8275293338416,5,3,2
33,58,1,12.7799078665,5,3,2
33,59,1,12.6799657357578,5,3,2
33,60,1,12.99212187335,5,3,2
33,61,1,12.7199887459951,5,3,2
33,62,1,12.8174930926853,5,3,2
33,63,1,12.780353432617,5,3,2
33,64,1,12.133827885315,5,3,2
34,1,0,1.02385084105383,5,3,2
34,2,0,0.373461477055061,5,3,2
34,3,0,0.64180723781146,5,3,2
34,4,0,0.834645503363408,5,3,2
34,5,0,1.10895522087907,5,3,2
34,6,0,0.874141334347931,5,3,2
34,7,0,1.21102420138761,5,3,2
34,8,0,2.04529762579005,5,3,2
34,9,0,0.129134500300718,5,3,2
34,10,0,1.63416562798785,5,3,2
34,11,0,0.162472975675502,5,3,2
34,12,0,1.38063664115467,5,3,2
34,13,0,1.00097532473245,5,3,2
34,14,0,1.27718952835796,5,3,2
34,15,0,0.402895071668764,5,3,2
34,16,0,-0.46718023265701,5,3,2
34,17,0,0.560652003651834,5,3,2
34,18,0,0.905475415518972,5,3,2
34,19,0,0.489581233673721,5,3,2
34,20,0,-0.0647360954835214,5,3,2
34,21,0,0.894509442013116,5,3,2
34,22,0,0.342564781077086,5,3,2
34,23,0,1.78172075695283,5,3,2
34,24,0,0.812005150691554,5,3,2
34,25,0,0.676036468083869,5,3,2
34,26,0,1.06444504252866,5,3,2
34,27,0,0.98189347309943,5,3,2
34,28,0,1.45965139339611,5,3,2
34,29,0,1.65908993801834,5,3,2
34,30,0,0.116017387415287,5,3,2
34,31,0,1.06678031531489,5,3,2
34,32,0,0.978680656280964,5,3,2
34,33,0,0.758905938128528,5,3,2
34,34,0,0.351860526933476,5,3,2
34,35,0,0.938858726518601,5,3,2
34,36,0,0.896116966099712,5,3,2
34,37,0,1.56334582126394,5,3,2
34,38,0,0.929742911921053,5,3,2
34,39,0,0.884148966339908,5,3,2
34,40,0,1.23339845749601,5,3,2
34,41,0,0.48686717363906,5,3,2
34,42,0,0.87975122832288,5,3,2
34,43,0,1.44516287849091,5,3,2
34,44,0,0.537088011941863,5,3,2
34,45,0,0.860187144047488,5,3,2
34,46,0,1.50569062484896,5,3,2
34,47,0,1.64481763684761,5,3,2
34,48,0,1.5758488895946,5,3,2
34,49,0,1.27473691011887,5,3,2
34,50,0,0.0719861891229272,5,3,2
34,51,0,0.850840025100648,5,3,2
34,52,0,-0.304215295945915,5,3,2
34,53,0,1.92601085024676,5,3,2
34,54,0,0.754066668678237,5,3,2
34,55,0,0.869698145962947,5,3,2
34,56,0,1.59785947815056,5,3,2
34,57,0,0.086261405866356,5,3,2
34,58,0,0.928107113436781,5,3,2
34,59,0,0.710375907076926,5,3,2
34,60,0,1.43294118346955,5,3,2
34,61,0,0.0878340881789667,5,3,2
34,62,0,1.26372927762566,5,3,2
34,63,0,1.97723572539185,5,3,2
34,64,0,0.559354706111126,5,3,2
