"G","R","X","Y","alpha","beta","gamma"
1,1,1,7.25575334459916,5,3,2
1,2,1,8.74478086653915,5,3,2
1,3,1,9.01256865038001,5,3,2
1,4,1,7.42888987887496,5,3,2
1,5,1,8.65515046463879,5,3,2
1,6,1,7.57780075110505,5,3,2
2,1,1,7.10760164657922,5,3,2
2,2,1,5.90850213781201,5,3,2
2,3,1,6.76403362847009,5,3,2
2,4,1,6.76023810919761,5,3,2
2,5,1,6.36760697739179,5,3,2
2,6,1,6.29981563327584,5,3,2
3,1,1,6.95704398003739,5,3,2
3,2,1,6.78485903015263,5,3,2
3,3,1,7.40812223009587,5,3,2
3,4,1,7.23224875713237,5,3,2
3,5,1,7.24739637779623,5,3,2
3,6,1,7.42585870217491,5,3,2
4,1,0,0.949927769595102,5,3,2
4,2,0,1.82023065237316,5,3,2
4,3,0,1.36511352949916,5,3,2
4,4,0,1.46584138189053,5,3,2
4,5,0,1.3058563181881,5,3,2
4,6,0,1.25897290661912,5,3,2
5,1,0,3.45501072386787,5,3,2
5,2,0,4.20275530027175,5,3,2
5,3,0,4.30309017667768,5,3,2
5,4,0,4.01085281456971,5,3,2
5,5,0,4.20481061515993,5,3,2
5,6,0,3.5570021521439,5,3,2
6,1,1,10.0399613501017,5,3,2
6,2,1,8.56137063603449,5,3,2
6,3,1,10.0960787258821,5,3,2
6,4,1,9.30660151103235,5,3,2
6,5,1,9.85319368429042,5,3,2
6,6,1,9.42286198829957,5,3,2
7,1,1,11.1441785269517,5,3,2
7,2,1,10.239526992051,5,3,2
7,3,1,11.2473421260406,5,3,2
7,4,1,10.3367440056616,5,3,2
7,5,1,10.954091831688,5,3,2
7,6,1,11.354546065075,5,3,2
8,1,0,2.26797641914205,5,3,2
8,2,0,2.23128332189792,5,3,2
8,3,0,2.62044175772863,5,3,2
8,4,0,3.12556198324793,5,3,2
8,5,0,2.93783323077662,5,3,2
8,6,0,1.71915844712358,5,3,2
9,1,0,7.57580817719985,5,3,2
9,2,0,6.8081797424964,5,3,2
9,3,0,7.24894060931613,5,3,2
9,4,0,7.33247302207271,5,3,2
9,5,0,7.3122878552017,5,3,2
9,6,0,6.81081461200152,5,3,2
10,1,0,6.80345850565253,5,3,2
10,2,0,6.19883747557482,5,3,2
10,3,0,6.11402579973917,5,3,2
10,4,0,6.55104908389828,5,3,2
10,5,0,6.44318913751996,5,3,2
10,6,0,5.78826715111071,5,3,2
11,1,1,7.14849018819019,5,3,2
11,2,1,6.41006014825761,5,3,2
11,3,1,7.30794207382786,5,3,2
11,4,1,7.31765493692505,5,3,2
11,5,1,7.54649087281717,5,3,2
11,6,1,7.26276274014574,5,3,2
12,1,0,2.71387618463759,5,3,2
12,2,0,2.30140660573397,5,3,2
12,3,0,2.60280032076384,5,3,2
12,4,0,2.42694166489778,5,3,2
12,5,0,2.01032304997018,5,3,2
12,6,0,2.71348164804678,5,3,2
13,1,0,0.0222779819976564,5,3,2
13,2,0,0.123089372741542,5,3,2
13,3,0,0.576259609228152,5,3,2
13,4,0,0.496986736407939,5,3,2
13,5,0,1.10149670813465,5,3,2
13,6,0,1.33737529585568,5,3,2
14,1,1,10.9516030524033,5,3,2
14,2,1,10.2256016305857,5,3,2
14,3,1,10.3693537747036,5,3,2
14,4,1,11.1837905445048,5,3,2
14,5,1,9.3893126333926,5,3,2
14,6,1,9.74609691162326,5,3,2
15,1,1,7.3998715276874,5,3,2
15,2,1,8.19302727867972,5,3,2
15,3,1,9.39880924778527,5,3,2
15,4,1,7.45286355924509,5,3,2
15,5,1,7.88475156730142,5,3,2
15,6,1,8.24608732402861,5,3,2
16,1,1,7.65403089438027,5,3,2
16,2,1,7.12721956161659,5,3,2
16,3,1,6.16705807765653,5,3,2
16,4,1,7.27775570693027,5,3,2
16,5,1,6.34369654972739,5,3,2
16,6,1,6.3389359645909,5,3,2
17,1,0,6.06029542182414,5,3,2
17,2,0,6.08748460974982,5,3,2
17,3,0,5.87960227809109,5,3,2
17,4,0,5.85401200675911,5,3,2
17,5,0,5.98701231275851,5,3,2
17,6,0,6.07484632212135,5,3,2
18,1,1,6.82628272471683,5,3,2
18,2,1,6.13575716312366,5,3,2
18,3,1,6.6527019822892,5,3,2
18,4,1,7.58079682782502,5,3,2
18,5,1,6.42821483048742,5,3,2
18,6,1,7.1920419942975,5,3,2
19,1,1,9.9205916001907,5,3,2
19,2,1,9.32655295624379,5,3,2
19,3,1,9.13210217881392,5,3,2
19,4,1,9.18121336178177,5,3,2
19,5,1,9.22554432839364,5,3,2
19,6,1,9.60187259886467,5,3,2
20,1,0,7.62604485126751,5,3,2
20,2,0,7.48297260892752,5,3,2
20,3,0,6.60150394231638,5,3,2
20,4,0,7.18699607047409,5,3,2
20,5,0,6.94038575922815,5,3,2
20,6,0,6.83235463827487,5,3,2
21,1,1,7.57012917274199,5,3,2
21,2,1,6.78099897436259,5,3,2
21,3,1,6.39485512740195,5,3,2
21,4,1,6.40485915129911,5,3,2
21,5,1,6.35738545264739,5,3,2
21,6,1,6.84254350588183,5,3,2
22,1,0,5.77564050778931,5,3,2
22,2,0,5.59335130057698,5,3,2
22,3,0,5.51445707777477,5,3,2
22,4,0,6.10131847435824,5,3,2
22,5,0,6.56953628097726,5,3,2
22,6,0,4.9103603444177,5,3,2
23,1,1,4.11142587724932,5,3,2
23,2,1,4.85676200989569,5,3,2
23,3,1,4.54089494182017,5,3,2
23,4,1,5.56718506178819,5,3,2
23,5,1,5.0709491396629,5,3,2
23,6,1,5.03714533678228,5,3,2
24,1,0,1.79185472143256,5,3,2
24,2,0,2.56796249898265,5,3,2
24,3,0,3.01919454848216,5,3,2
24,4,0,0.962702724301045,5,3,2
24,5,0,2.44175885178052,5,3,2
24,6,0,0.961956068365422,5,3,2
25,1,0,6.27789993361165,5,3,2
25,2,0,5.23295258285638,5,3,2
25,3,0,5.58208070056245,5,3,2
25,4,0,5.98775730638221,5,3,2
25,5,0,5.40579970700093,5,3,2
25,6,0,6.01622134238821,5,3,2
26,1,0,4.04342760885254,5,3,2
26,2,0,4.0453238153574,5,3,2
26,3,0,4.26723785937635,5,3,2
26,4,0,4.15419523753009,5,3,2
26,5,0,3.1137860380107,5,3,2
26,6,0,4.51593149450556,5,3,2
27,1,1,7.19202504042849,5,3,2
27,2,1,7.1670024343472,5,3,2
27,3,1,8.17047017269915,5,3,2
27,4,1,7.54408022836954,5,3,2
27,5,1,6.71772700366368,5,3,2
27,6,1,6.55422990845255,5,3,2
28,1,1,7.84320981017632,5,3,2
28,2,1,8.00864346467582,5,3,2
28,3,1,7.22497912764578,5,3,2
28,4,1,7.07935903132304,5,3,2
28,5,1,7.87662738982537,5,3,2
28,6,1,8.19994705065443,5,3,2
29,1,0,2.38826297075681,5,3,2
29,2,0,2.28345065569495,5,3,2
29,3,0,3.23202731613197,5,3,2
29,4,0,2.84194151886506,5,3,2
29,5,0,3.51878595332368,5,3,2
29,6,0,2.76253349872861,5,3,2
30,1,1,9.52915341578777,5,3,2
30,2,1,9.92096564520991,5,3,2
30,3,1,10.4478693279748,5,3,2
30,4,1,9.4550265423723,5,3,2
30,5,1,9.51459696308669,5,3,2
30,6,1,9.38784968141897,5,3,2
31,1,1,9.41890829515932,5,3,2
31,2,1,9.02257041131861,5,3,2
31,3,1,9.53355743184371,5,3,2
31,4,1,9.57690524043707,5,3,2
31,5,1,10.0760635368626,5,3,2
31,6,1,8.37189069648388,5,3,2
32,1,0,7.99610299408252,5,3,2
32,2,0,7.73773052110819,5,3,2
32,3,0,7.84788477607582,5,3,2
32,4,0,7.2781179882945,5,3,2
32,5,0,7.59349571330691,5,3,2
32,6,0,8.8023460855693,5,3,2
33,1,1,8.69774793930541,5,3,2
33,2,1,9.1318497921885,5,3,2
33,3,1,9.7036720844677,5,3,2
33,4,1,9.25735852730607,5,3,2
33,5,1,8.90844870579969,5,3,2
33,6,1,8.90022211424388,5,3,2
34,1,0,4.29995759876166,5,3,2
34,2,0,3.83987649049671,5,3,2
34,3,0,4.31736146564695,5,3,2
34,4,0,4.08640153878859,5,3,2
34,5,0,3.9627420334595,5,3,2
34,6,0,3.85150960032341,5,3,2
35,1,1,8.50595273383948,5,3,2
35,2,1,8.29024046153335,5,3,2
35,3,1,9.07476857957345,5,3,2
35,4,1,8.47137209974255,5,3,2
35,5,1,9.69868793983829,5,3,2
35,6,1,8.91600450365126,5,3,2
36,1,1,9.98173096719265,5,3,2
36,2,1,10.4190308756542,5,3,2
36,3,1,9.76837580114956,5,3,2
36,4,1,8.83681411020066,5,3,2
36,5,1,10.2992360223003,5,3,2
36,6,1,9.40850345495493,5,3,2
37,1,0,5.5779379643938,5,3,2
37,2,0,6.34116072310035,5,3,2
37,3,0,6.38744625569953,5,3,2
37,4,0,6.31761953627735,5,3,2
37,5,0,6.63994251047373,5,3,2
37,6,0,6.50717638201462,5,3,2
38,1,0,5.5143829022573,5,3,2
38,2,0,4.3233929189019,5,3,2
38,3,0,5.88536578634806,5,3,2
38,4,0,5.85805377004239,5,3,2
38,5,0,5.28718715841541,5,3,2
38,6,0,5.67199623500423,5,3,2
39,1,1,5.51379638819193,5,3,2
39,2,1,6.19807917905275,5,3,2
39,3,1,5.70567211794357,5,3,2
39,4,1,5.26009986762512,5,3,2
39,5,1,7.0143665777701,5,3,2
39,6,1,6.12609559959669,5,3,2
40,1,0,3.215577957527,5,3,2
40,2,0,4.12625708835599,5,3,2
40,3,0,3.51265085663422,5,3,2
40,4,0,3.66181051395595,5,3,2
40,5,0,3.51550239737338,5,3,2
40,6,0,4.40954282012817,5,3,2
41,1,0,5.78046357059698,5,3,2
41,2,0,6.77662856443714,5,3,2
41,3,0,7.2226605010073,5,3,2
41,4,0,5.83826652768124,5,3,2
41,5,0,6.41848107601408,5,3,2
41,6,0,5.42552114642599,5,3,2
42,1,0,6.99602058130514,5,3,2
42,2,0,7.87253070109353,5,3,2
42,3,0,8.03578653529531,5,3,2
42,4,0,6.52193884783839,5,3,2
42,5,0,7.64075564597495,5,3,2
42,6,0,7.11111948518621,5,3,2
43,1,0,3.89714917789387,5,3,2
43,2,0,4.57556540310408,5,3,2
43,3,0,4.18583516710184,5,3,2
43,4,0,4.61492379073908,5,3,2
43,5,0,4.33717709728094,5,3,2
43,6,0,3.16674988378412,5,3,2
44,1,1,12.308807666515,5,3,2
44,2,1,12.7679834040107,5,3,2
44,3,1,13.4225267325056,5,3,2
44,4,1,12.8560896728866,5,3,2
44,5,1,12.6056158562534,5,3,2
44,6,1,13.2083035303663,5,3,2
45,1,1,7.65705198384902,5,3,2
45,2,1,7.42832751970158,5,3,2
45,3,1,7.57042607261162,5,3,2
45,4,1,8.26629071607758,5,3,2
45,5,1,7.92213368739816,5,3,2
45,6,1,8.09983059411212,5,3,2
46,1,0,8.72779478636726,5,3,2
46,2,0,8.77833222841416,5,3,2
46,3,0,8.2529817001267,5,3,2
46,4,0,9.18553317496291,5,3,2
46,5,0,9.14552509151704,5,3,2
46,6,0,8.28653192087731,5,3,2
47,1,1,8.79887635127211,5,3,2
47,2,1,8.52995469055656,5,3,2
47,3,1,8.53835757782843,5,3,2
47,4,1,8.31929312481155,5,3,2
47,5,1,8.3278232979461,5,3,2
47,6,1,8.81078292362609,5,3,2
48,1,0,2.45480158549957,5,3,2
48,2,0,3.56599817061694,5,3,2
48,3,0,2.45936411200543,5,3,2
48,4,0,3.54904020504422,5,3,2
48,5,0,2.93962946108589,5,3,2
48,6,0,3.43629600750658,5,3,2
49,1,1,8.09529193183372,5,3,2
49,2,1,7.95619521578502,5,3,2
49,3,1,8.73999900153631,5,3,2
49,4,1,7.96175087130833,5,3,2
49,5,1,8.14060373780305,5,3,2
49,6,1,8.74542632661212,5,3,2
50,1,1,10.4860555438883,5,3,2
50,2,1,11.0913808083771,5,3,2
50,3,1,9.5939687932246,5,3,2
50,4,1,8.41169439193099,5,3,2
50,5,1,10.2010731955475,5,3,2
50,6,1,9.31218275162643,5,3,2
51,1,0,4.36276463303713,5,3,2
51,2,0,3.2153131736972,5,3,2
51,3,0,4.61452329045994,5,3,2
51,4,0,4.63873281797964,5,3,2
51,5,0,4.71172603454982,5,3,2
51,6,0,4.6796027285265,5,3,2
52,1,0,0.568635496466904,5,3,2
52,2,0,1.489712616615,5,3,2
52,3,0,0.744246890453426,5,3,2
52,4,0,1.47101039185262,5,3,2
52,5,0,1.33026276520154,5,3,2
52,6,0,1.69524183702667,5,3,2
53,1,0,7.01605336016534,5,3,2
53,2,0,6.09468572515274,5,3,2
53,3,0,6.87859959176479,5,3,2
53,4,0,6.0737208126602,5,3,2
53,5,0,6.40615605227334,5,3,2
53,6,0,5.48372071540799,5,3,2
54,1,1,5.27424768382478,5,3,2
54,2,1,4.48454458663723,5,3,2
54,3,1,4.71618087583493,5,3,2
54,4,1,5.01536448780748,5,3,2
54,5,1,4.58340951160017,5,3,2
54,6,1,4.06614611184115,5,3,2
55,1,1,10.5896802536344,5,3,2
55,2,1,10.4618972377355,5,3,2
55,3,1,9.87841845934194,5,3,2
55,4,1,10.6344865980849,5,3,2
55,5,1,10.0217927400543,5,3,2
55,6,1,9.59958063996429,5,3,2
56,1,1,8.82509637243434,5,3,2
56,2,1,8.5384771327069,5,3,2
56,3,1,8.02537910503537,5,3,2
56,4,1,6.85999903608901,5,3,2
56,5,1,7.03054263329701,5,3,2
56,6,1,7.71048732770999,5,3,2
57,1,0,5.95236177326017,5,3,2
57,2,0,5.71652813519548,5,3,2
57,3,0,6.17779139952683,5,3,2
57,4,0,5.96263005708523,5,3,2
57,5,0,5.9242766616321,5,3,2
57,6,0,5.74503693063995,5,3,2
58,1,0,2.43733961077109,5,3,2
58,2,0,2.12472327775936,5,3,2
58,3,0,2.17957232971813,5,3,2
58,4,0,2.26663970459263,5,3,2
58,5,0,2.3432542430405,5,3,2
58,6,0,2.3400471947888,5,3,2
59,1,0,8.23023580758863,5,3,2
59,2,0,8.70796257265108,5,3,2
59,3,0,8.91214763371869,5,3,2
59,4,0,7.98705502276486,5,3,2
59,5,0,8.90379478187479,5,3,2
59,6,0,8.83889335417618,5,3,2
60,1,0,5.07390921178188,5,3,2
60,2,0,5.87178904419344,5,3,2
60,3,0,5.28921117737985,5,3,2
60,4,0,6.78476853326938,5,3,2
60,5,0,5.8013240780271,5,3,2
60,6,0,4.88128973593989,5,3,2
61,1,1,9.65109647135668,5,3,2
61,2,1,9.45243395405735,5,3,2
61,3,1,9.50508766286222,5,3,2
61,4,1,9.01291297077451,5,3,2
61,5,1,9.64741393080315,5,3,2
61,6,1,9.19584160940628,5,3,2
62,1,1,7.85834062325787,5,3,2
62,2,1,8.52092862511506,5,3,2
62,3,1,7.88460040131074,5,3,2
62,4,1,8.28270013227674,5,3,2
62,5,1,8.85403121828931,5,3,2
62,6,1,7.43295144523053,5,3,2
63,1,0,4.65621294250063,5,3,2
63,2,0,5.17178927658318,5,3,2
63,3,0,5.78132091690625,5,3,2
63,4,0,5.808281166556,5,3,2
63,5,0,5.04335395719552,5,3,2
63,6,0,4.42880168479085,5,3,2
64,1,0,5.85922046135478,5,3,2
64,2,0,7.06468625414965,5,3,2
64,3,0,6.46053294956379,5,3,2
64,4,0,6.16693586203987,5,3,2
64,5,0,5.44282814950386,5,3,2
64,6,0,6.12332845144468,5,3,2
65,1,0,4.22252390516717,5,3,2
65,2,0,5.26490997448567,5,3,2
65,3,0,5.01603561078893,5,3,2
65,4,0,5.19596519809578,5,3,2
65,5,0,5.44793983532932,5,3,2
65,6,0,4.79208595532792,5,3,2
66,1,1,5.59110638013958,5,3,2
66,2,1,6.14461386550349,5,3,2
66,3,1,5.14631989558523,5,3,2
66,4,1,5.76118919040722,5,3,2
66,5,1,6.0150431138325,5,3,2
66,6,1,5.92810508415117,5,3,2
67,1,0,6.32440466846133,5,3,2
67,2,0,5.52615047910098,5,3,2
67,3,0,5.53413268613873,5,3,2
67,4,0,5.81094606339893,5,3,2
67,5,0,5.19030865498819,5,3,2
67,6,0,4.98252229028251,5,3,2
68,1,1,5.9029359124425,5,3,2
68,2,1,6.29933742223624,5,3,2
68,3,1,6.26532153748107,5,3,2
68,4,1,6.01427062569812,5,3,2
68,5,1,6.61994489199913,5,3,2
68,6,1,5.8956297296574,5,3,2
69,1,0,5.46678759751235,5,3,2
69,2,0,6.41241224185077,5,3,2
69,3,0,6.81621894244743,5,3,2
69,4,0,5.92122801322306,5,3,2
69,5,0,5.65919637780682,5,3,2
69,6,0,5.39830963084628,5,3,2
70,1,1,9.24204554898265,5,3,2
70,2,1,9.60403646255042,5,3,2
70,3,1,10.0659996306962,5,3,2
70,4,1,10.0685546460089,5,3,2
70,5,1,9.07771126319826,5,3,2
70,6,1,9.47333705847977,5,3,2
71,1,1,9.02965548238298,5,3,2
71,2,1,7.76771181576205,5,3,2
71,3,1,7.26334755518317,5,3,2
71,4,1,8.38213577651733,5,3,2
71,5,1,8.23261846655596,5,3,2
71,6,1,7.94026167664374,5,3,2
72,1,0,5.71236828673613,5,3,2
72,2,0,5.64002628237413,5,3,2
72,3,0,5.41609516855264,5,3,2
72,4,0,6.17247805286981,5,3,2
72,5,0,5.76568290031702,5,3,2
72,6,0,6.19998377898127,5,3,2
73,1,1,9.05670513273894,5,3,2
73,2,1,9.40261803491549,5,3,2
73,3,1,8.25742135150709,5,3,2
73,4,1,8.561024778214,5,3,2
73,5,1,7.54814161408765,5,3,2
73,6,1,8.96155175567247,5,3,2
74,1,0,4.48735669300237,5,3,2
74,2,0,3.16388666528021,5,3,2
74,3,0,4.07071482761087,5,3,2
74,4,0,3.23247282405639,5,3,2
74,5,0,3.20777874174071,5,3,2
74,6,0,3.37470571193565,5,3,2
75,1,0,4.80952328010371,5,3,2
75,2,0,4.56558031705934,5,3,2
75,3,0,5.76573545671839,5,3,2
75,4,0,4.90076346187119,5,3,2
75,5,0,4.7637930521302,5,3,2
75,6,0,5.4989615802627,5,3,2
76,1,0,2.65980918487014,5,3,2
76,2,0,1.75105067652953,5,3,2
76,3,0,2.77235463910053,5,3,2
76,4,0,1.86751530396543,5,3,2
76,5,0,2.62683723352927,5,3,2
76,6,0,2.54058947452037,5,3,2
77,1,1,4.92790463514594,5,3,2
77,2,1,5.55793740472158,5,3,2
77,3,1,5.37173284782864,5,3,2
77,4,1,4.99725612185094,5,3,2
77,5,1,4.51357757562965,5,3,2
77,6,1,5.02135118590086,5,3,2
78,1,1,10.2368732732269,5,3,2
78,2,1,10.9143590490076,5,3,2
78,3,1,9.54859081502181,5,3,2
78,4,1,10.4155941011294,5,3,2
78,5,1,9.44385543033124,5,3,2
78,6,1,10.2331514581216,5,3,2
79,1,1,7.41425125183766,5,3,2
79,2,1,7.45450054843077,5,3,2
79,3,1,8.52071953342103,5,3,2
79,4,1,6.91414810222903,5,3,2
79,5,1,7.07986859089235,5,3,2
79,6,1,7.77215558786708,5,3,2
80,1,1,7.66173210340636,5,3,2
80,2,1,6.47436843678222,5,3,2
80,3,1,6.9287453230691,5,3,2
80,4,1,7.06555633761818,5,3,2
80,5,1,7.30651723079609,5,3,2
80,6,1,7.78210137595055,5,3,2
81,1,0,2.20043369121305,5,3,2
81,2,0,2.37423596501715,5,3,2
81,3,0,1.093442298393,5,3,2
81,4,0,1.16839452533947,5,3,2
81,5,0,1.95273735362001,5,3,2
81,6,0,2.21592493605467,5,3,2
82,1,0,4.87342064018862,5,3,2
82,2,0,5.92496173144496,5,3,2
82,3,0,6.07516983563329,5,3,2
82,4,0,5.23730387491187,5,3,2
82,5,0,5.01917362441022,5,3,2
82,6,0,6.13993378586727,5,3,2
83,1,1,5.93304245943265,5,3,2
83,2,1,5.16820794971927,5,3,2
83,3,1,5.94332856897624,5,3,2
83,4,1,5.59510469521778,5,3,2
83,5,1,4.5599871305117,5,3,2
83,6,1,5.25140579730216,5,3,2
84,1,0,6.91296329216162,5,3,2
84,2,0,7.24522433916525,5,3,2
84,3,0,7.19398645975771,5,3,2
84,4,0,7.77694918444306,5,3,2
84,5,0,7.00416826456172,5,3,2
84,6,0,7.22628191708615,5,3,2
85,1,0,3.2148270148965,5,3,2
85,2,0,3.98981691970265,5,3,2
85,3,0,3.15182884385607,5,3,2
85,4,0,4.11631362540627,5,3,2
85,5,0,3.36793799591385,5,3,2
85,6,0,3.80635438066367,5,3,2
86,1,0,7.99378861383292,5,3,2
86,2,0,6.47690329120922,5,3,2
86,3,0,7.80988798452292,5,3,2
86,4,0,7.67337564209068,5,3,2
86,5,0,6.80533996707814,5,3,2
86,6,0,7.53878881441187,5,3,2
87,1,0,-0.35608871702757,5,3,2
87,2,0,0.964617308085016,5,3,2
87,3,0,0.749007946990905,5,3,2
87,4,0,0.871816939611941,5,3,2
87,5,0,0.782921877862018,5,3,2
87,6,0,1.1390460871454,5,3,2
88,1,1,10.555684971997,5,3,2
88,2,1,10.6751466821434,5,3,2
88,3,1,10.9502604886387,5,3,2
88,4,1,9.06521872342834,5,3,2
88,5,1,10.6920671367482,5,3,2
88,6,1,10.5727623513341,5,3,2
89,1,1,6.13992159742073,5,3,2
89,2,1,5.28091199302091,5,3,2
89,3,1,6.21105253472781,5,3,2
89,4,1,6.82819885228728,5,3,2
89,5,1,5.68638570627614,5,3,2
89,6,1,6.33465318128454,5,3,2
90,1,1,8.70335196514047,5,3,2
90,2,1,8.74081406118951,5,3,2
90,3,1,7.89634290448869,5,3,2
90,4,1,7.96312777789064,5,3,2
90,5,1,8.06376561662757,5,3,2
90,6,1,8.97037541159087,5,3,2
91,1,1,8.41960543970609,5,3,2
91,2,1,9.08497372158772,5,3,2
91,3,1,8.6411342066751,5,3,2
91,4,1,8.47931667972775,5,3,2
91,5,1,8.26961521301243,5,3,2
91,6,1,8.23696560832407,5,3,2
92,1,0,3.46730429414235,5,3,2
92,2,0,3.52259336450404,5,3,2
92,3,0,3.84410151284162,5,3,2
92,4,0,2.88192851019136,5,3,2
92,5,0,3.13064294022622,5,3,2
92,6,0,3.0820641787099,5,3,2
93,1,0,3.29909298284715,5,3,2
93,2,0,3.61415219837721,5,3,2
93,3,0,3.57192409825456,5,3,2
93,4,0,4.02769578605623,5,3,2
93,5,0,2.83862388893612,5,3,2
93,6,0,3.74011745269861,5,3,2
94,1,0,2.48189457098704,5,3,2
94,2,0,2.68400209391585,5,3,2
94,3,0,2.76296543292113,5,3,2
94,4,0,2.50261595186238,5,3,2
94,5,0,2.83288971918191,5,3,2
94,6,0,2.53004719565657,5,3,2
95,1,1,8.23026434343385,5,3,2
95,2,1,8.42609717528416,5,3,2
95,3,1,7.60125507441222,5,3,2
95,4,1,8.29146355372144,5,3,2
95,5,1,8.37205798789621,5,3,2
95,6,1,7.93107009883182,5,3,2
96,1,1,11.934413596655,5,3,2
96,2,1,10.6957961742268,5,3,2
96,3,1,11.3147638220918,5,3,2
96,4,1,11.2480772883657,5,3,2
96,5,1,11.9786686283019,5,3,2
96,6,1,11.5754909048429,5,3,2
97,1,0,8.807342914467,5,3,2
97,2,0,9.48274836322217,5,3,2
97,3,0,8.62303066365468,5,3,2
97,4,0,10.1943873867445,5,3,2
97,5,0,10.129834065303,5,3,2
97,6,0,9.15834508160054,5,3,2
98,1,1,7.12203488240532,5,3,2
98,2,1,7.90538704573915,5,3,2
98,3,1,6.79863541581867,5,3,2
98,4,1,6.87582891651155,5,3,2
98,5,1,7.92654288448795,5,3,2
98,6,1,6.9308656592447,5,3,2
99,1,0,3.32477515765439,5,3,2
99,2,0,4.86611840216696,5,3,2
99,3,0,3.22620398009919,5,3,2
99,4,0,3.24241186618514,5,3,2
99,5,0,3.80287813966265,5,3,2
99,6,0,3.22330033167026,5,3,2
100,1,1,6.4915040372059,5,3,2
100,2,1,6.06060122105966,5,3,2
100,3,1,6.18085786967847,5,3,2
100,4,1,5.59993958404851,5,3,2
100,5,1,5.58669073719268,5,3,2
100,6,1,6.36306497685047,5,3,2
101,1,0,6.12930323017833,5,3,2
101,2,0,5.81352535497105,5,3,2
101,3,0,5.13298219687322,5,3,2
101,4,0,5.65851664465171,5,3,2
101,5,0,5.23612894603779,5,3,2
101,6,0,5.52959175908686,5,3,2
102,1,0,8.35636442143798,5,3,2
102,2,0,8.45460229824151,5,3,2
102,3,0,7.54855529121182,5,3,2
102,4,0,9.46143357816359,5,3,2
102,5,0,8.44392876065022,5,3,2
102,6,0,8.39080327339069,5,3,2
103,1,1,10.7675742232678,5,3,2
103,2,1,9.8748960088018,5,3,2
103,3,1,9.21825560286979,5,3,2
103,4,1,9.58023784699881,5,3,2
103,5,1,9.14251266520375,5,3,2
103,6,1,9.73362384771623,5,3,2
104,1,0,6.3973547108111,5,3,2
104,2,0,6.74001554918316,5,3,2
104,3,0,6.80290467689674,5,3,2
104,4,0,6.76807784347271,5,3,2
104,5,0,6.43200980035797,5,3,2
104,6,0,6.9765772757807,5,3,2
105,1,0,4.31559535798162,5,3,2
105,2,0,4.92253802795258,5,3,2
105,3,0,4.74444499969752,5,3,2
105,4,0,4.5803738532471,5,3,2
105,5,0,4.60023661745689,5,3,2
105,6,0,4.24661911083751,5,3,2
106,1,1,6.28166930651834,5,3,2
106,2,1,6.4253550313179,5,3,2
106,3,1,7.59084431888549,5,3,2
106,4,1,6.4161790537316,5,3,2
106,5,1,6.98816477169141,5,3,2
106,6,1,6.91261587396896,5,3,2
107,1,1,8.33948314557616,5,3,2
107,2,1,8.39544875701362,5,3,2
107,3,1,7.51644344732853,5,3,2
107,4,1,7.67784570366345,5,3,2
107,5,1,8.80159050234843,5,3,2
107,6,1,8.61346524480602,5,3,2
108,1,0,5.58816524359662,5,3,2
108,2,0,6.10519449762734,5,3,2
108,3,0,5.62710151242275,5,3,2
108,4,0,4.6342315863935,5,3,2
108,5,0,5.98052808985042,5,3,2
108,6,0,5.48025288616634,5,3,2
109,1,1,6.65770517377226,5,3,2
109,2,1,4.84649581033755,5,3,2
109,3,1,5.97154651052438,5,3,2
109,4,1,6.74140154456883,5,3,2
109,5,1,5.14556858667358,5,3,2
109,6,1,5.52521643448502,5,3,2
110,1,0,7.49418316902912,5,3,2
110,2,0,7.70072299909765,5,3,2
110,3,0,6.73660342183856,5,3,2
110,4,0,7.38159366942882,5,3,2
110,5,0,7.18794640324874,5,3,2
110,6,0,6.94008787989382,5,3,2
111,1,0,5.22553447734323,5,3,2
111,2,0,4.87410166829347,5,3,2
111,3,0,4.4658388868947,5,3,2
111,4,0,4.55859393773642,5,3,2
111,5,0,4.93472935633504,5,3,2
111,6,0,5.13230493782214,5,3,2
112,1,1,5.65278254350985,5,3,2
112,2,1,6.69655251794268,5,3,2
112,3,1,7.18973768306835,5,3,2
112,4,1,6.29604233610866,5,3,2
112,5,1,6.87921583502213,5,3,2
112,6,1,5.64305782233683,5,3,2
113,1,1,6.02082415139187,5,3,2
113,2,1,6.58898232250094,5,3,2
113,3,1,6.7822654112224,5,3,2
113,4,1,7.76182467847797,5,3,2
113,5,1,6.49964697225462,5,3,2
113,6,1,8.02852986607411,5,3,2
114,1,1,7.04783213711731,5,3,2
114,2,1,6.90777478372227,5,3,2
114,3,1,7.03324431505519,5,3,2
114,4,1,6.4046016106583,5,3,2
114,5,1,6.97843304582574,5,3,2
114,6,1,6.49290799613745,5,3,2
115,1,0,6.38675595256634,5,3,2
115,2,0,6.4858065926913,5,3,2
115,3,0,7.08529593719379,5,3,2
115,4,0,7.4347444247438,5,3,2
115,5,0,5.66072323092556,5,3,2
115,6,0,7.92648415164137,5,3,2
116,1,1,7.06502403739125,5,3,2
116,2,1,7.14664576197996,5,3,2
116,3,1,6.37129074402303,5,3,2
116,4,1,6.34245129508945,5,3,2
116,5,1,7.07846371081738,5,3,2
116,6,1,6.05675213236452,5,3,2
117,1,1,11.4077718905347,5,3,2
117,2,1,11.0319236057419,5,3,2
117,3,1,11.6147287766821,5,3,2
117,4,1,11.0154917684481,5,3,2
117,5,1,11.2947034350812,5,3,2
117,6,1,10.4349124965648,5,3,2
118,1,1,11.4760542883494,5,3,2
118,2,1,10.920925924832,5,3,2
118,3,1,10.5388347695919,5,3,2
118,4,1,10.9150193111732,5,3,2
118,5,1,12.2059212454283,5,3,2
118,6,1,10.4315591745735,5,3,2
119,1,1,9.9991261306719,5,3,2
119,2,1,9.46075171662697,5,3,2
119,3,1,10.2926998273938,5,3,2
119,4,1,11.1482721708182,5,3,2
119,5,1,10.4505530337315,5,3,2
119,6,1,10.2911879741567,5,3,2
120,1,0,7.77732227040279,5,3,2
120,2,0,8.10426853704386,5,3,2
120,3,0,7.9563609068007,5,3,2
120,4,0,8.00428910695258,5,3,2
120,5,0,7.5126218824246,5,3,2
120,6,0,8.07160808450158,5,3,2
121,1,1,5.31334397459138,5,3,2
121,2,1,6.96004185634659,5,3,2
121,3,1,6.60969435772394,5,3,2
121,4,1,6.09983742345546,5,3,2
121,5,1,6.34040359400734,5,3,2
121,6,1,6.30652508865977,5,3,2
122,1,1,7.61152400463964,5,3,2
122,2,1,7.04109373126818,5,3,2
122,3,1,6.90362425836182,5,3,2
122,4,1,7.72865865970846,5,3,2
122,5,1,7.82105043966979,5,3,2
122,6,1,7.17951825905397,5,3,2
123,1,0,6.11205512614788,5,3,2
123,2,0,6.52554874456759,5,3,2
123,3,0,6.24387290907779,5,3,2
123,4,0,6.17082730172973,5,3,2
123,5,0,6.08458320711128,5,3,2
123,6,0,6.2793695087691,5,3,2
