"G","R","X","Y","alpha","beta","gamma"
1,1,0,86,5,3,2
1,2,0,80,5,3,2
1,3,0,84,5,3,2
1,4,0,73,5,3,2
1,5,0,78,5,3,2
1,6,0,80,5,3,2
1,7,0,101,5,3,2
1,8,0,65,5,3,2
2,1,1,1949,5,3,2
2,2,1,2003,5,3,2
2,3,1,1937,5,3,2
2,4,1,1953,5,3,2
2,5,1,1908,5,3,2
2,6,1,1921,5,3,2
2,7,1,1914,5,3,2
2,8,1,1936,5,3,2
3,1,0,254,5,3,2
3,2,0,295,5,3,2
3,3,0,293,5,3,2
3,4,0,261,5,3,2
3,5,0,299,5,3,2
3,6,0,282,5,3,2
3,7,0,281,5,3,2
3,8,0,286,5,3,2
4,1,0,4,5,3,2
4,2,0,3,5,3,2
4,3,0,2,5,3,2
4,4,0,1,5,3,2
4,5,0,3,5,3,2
4,6,0,6,5,3,2
4,7,0,6,5,3,2
4,8,0,7,5,3,2
5,1,0,425,5,3,2
5,2,0,426,5,3,2
5,3,0,420,5,3,2
5,4,0,432,5,3,2
5,5,0,426,5,3,2
5,6,0,404,5,3,2
5,7,0,416,5,3,2
5,8,0,437,5,3,2
6,1,0,333,5,3,2
6,2,0,315,5,3,2
6,3,0,333,5,3,2
6,4,0,317,5,3,2
6,5,0,313,5,3,2
6,6,0,332,5,3,2
6,7,0,305,5,3,2
6,8,0,333,5,3,2
7,1,1,282,5,3,2
7,2,1,269,5,3,2
7,3,1,292,5,3,2
7,4,1,310,5,3,2
7,5,1,315,5,3,2
7,6,1,310,5,3,2
7,7,1,308,5,3,2
7,8,1,320,5,3,2
8,1,0,9,5,3,2
8,2,0,5,5,3,2
8,3,0,4,5,3,2
8,4,0,6,5,3,2
8,5,0,3,5,3,2
8,6,0,9,5,3,2
8,7,0,8,5,3,2
8,8,0,6,5,3,2
9,1,0,29,5,3,2
9,2,0,36,5,3,2
9,3,0,29,5,3,2
9,4,0,36,5,3,2
9,5,0,34,5,3,2
9,6,0,32,5,3,2
9,7,0,30,5,3,2
9,8,0,38,5,3,2
10,1,0,390,5,3,2
10,2,0,405,5,3,2
10,3,0,403,5,3,2
10,4,0,403,5,3,2
10,5,0,425,5,3,2
10,6,0,427,5,3,2
10,7,0,405,5,3,2
10,8,0,406,5,3,2
11,1,0,147,5,3,2
11,2,0,153,5,3,2
11,3,0,131,5,3,2
11,4,0,107,5,3,2
11,5,0,144,5,3,2
11,6,0,108,5,3,2
11,7,0,125,5,3,2
11,8,0,122,5,3,2
12,1,1,6735,5,3,2
12,2,1,6770,5,3,2
12,3,1,6723,5,3,2
12,4,1,6794,5,3,2
12,5,1,6766,5,3,2
12,6,1,6474,5,3,2
12,7,1,6703,5,3,2
12,8,1,6683,5,3,2
13,1,1,881,5,3,2
13,2,1,877,5,3,2
13,3,1,883,5,3,2
13,4,1,839,5,3,2
13,5,1,843,5,3,2
13,6,1,833,5,3,2
13,7,1,856,5,3,2
13,8,1,903,5,3,2
14,1,0,138,5,3,2
14,2,0,147,5,3,2
14,3,0,162,5,3,2
14,4,0,147,5,3,2
14,5,0,171,5,3,2
14,6,0,156,5,3,2
14,7,0,175,5,3,2
14,8,0,180,5,3,2
15,1,0,184,5,3,2
15,2,0,188,5,3,2
15,3,0,182,5,3,2
15,4,0,190,5,3,2
15,5,0,198,5,3,2
15,6,0,175,5,3,2
15,7,0,166,5,3,2
15,8,0,165,5,3,2
16,1,0,1019,5,3,2
16,2,0,1011,5,3,2
16,3,0,1016,5,3,2
16,4,0,1047,5,3,2
16,5,0,978,5,3,2
16,6,0,1026,5,3,2
16,7,0,1018,5,3,2
16,8,0,1035,5,3,2
17,1,0,27,5,3,2
17,2,0,22,5,3,2
17,3,0,26,5,3,2
17,4,0,40,5,3,2
17,5,0,43,5,3,2
17,6,0,28,5,3,2
17,7,0,24,5,3,2
17,8,0,32,5,3,2
18,1,1,3842,5,3,2
18,2,1,3865,5,3,2
18,3,1,3927,5,3,2
18,4,1,3943,5,3,2
18,5,1,3867,5,3,2
18,6,1,3790,5,3,2
18,7,1,3908,5,3,2
18,8,1,3779,5,3,2
19,1,1,959,5,3,2
19,2,1,1005,5,3,2
19,3,1,1007,5,3,2
19,4,1,989,5,3,2
19,5,1,1034,5,3,2
19,6,1,1020,5,3,2
19,7,1,1008,5,3,2
19,8,1,1052,5,3,2
20,1,0,42,5,3,2
20,2,0,30,5,3,2
20,3,0,58,5,3,2
20,4,0,43,5,3,2
20,5,0,57,5,3,2
20,6,0,45,5,3,2
20,7,0,35,5,3,2
20,8,0,34,5,3,2
21,1,1,17592,5,3,2
21,2,1,17930,5,3,2
21,3,1,17679,5,3,2
21,4,1,17806,5,3,2
21,5,1,17463,5,3,2
21,6,1,17646,5,3,2
21,7,1,17674,5,3,2
21,8,1,17450,5,3,2
22,1,0,390,5,3,2
22,2,0,368,5,3,2
22,3,0,420,5,3,2
22,4,0,380,5,3,2
22,5,0,423,5,3,2
22,6,0,411,5,3,2
22,7,0,405,5,3,2
22,8,0,398,5,3,2
23,1,1,83,5,3,2
23,2,1,94,5,3,2
23,3,1,96,5,3,2
23,4,1,76,5,3,2
23,5,1,80,5,3,2
23,6,1,89,5,3,2
23,7,1,96,5,3,2
23,8,1,105,5,3,2
24,1,1,293,5,3,2
24,2,1,318,5,3,2
24,3,1,329,5,3,2
24,4,1,311,5,3,2
24,5,1,330,5,3,2
24,6,1,313,5,3,2
24,7,1,330,5,3,2
24,8,1,350,5,3,2
25,1,0,2025,5,3,2
25,2,0,1930,5,3,2
25,3,0,1998,5,3,2
25,4,0,1928,5,3,2
25,5,0,1935,5,3,2
25,6,0,1996,5,3,2
25,7,0,1999,5,3,2
25,8,0,1993,5,3,2
26,1,0,8,5,3,2
26,2,0,6,5,3,2
26,3,0,6,5,3,2
26,4,0,9,5,3,2
26,5,0,11,5,3,2
26,6,0,7,5,3,2
26,7,0,10,5,3,2
26,8,0,6,5,3,2
27,1,0,395,5,3,2
27,2,0,397,5,3,2
27,3,0,426,5,3,2
27,4,0,402,5,3,2
27,5,0,394,5,3,2
27,6,0,414,5,3,2
27,7,0,427,5,3,2
27,8,0,424,5,3,2
28,1,0,3973,5,3,2
28,2,0,3954,5,3,2
28,3,0,3993,5,3,2
28,4,0,4002,5,3,2
28,5,0,4054,5,3,2
28,6,0,3910,5,3,2
28,7,0,3943,5,3,2
28,8,0,3895,5,3,2
29,1,1,14384,5,3,2
29,2,1,14280,5,3,2
29,3,1,14140,5,3,2
29,4,1,14353,5,3,2
29,5,1,14293,5,3,2
29,6,1,14276,5,3,2
29,7,1,14278,5,3,2
29,8,1,14465,5,3,2
30,1,0,332,5,3,2
30,2,0,296,5,3,2
30,3,0,325,5,3,2
30,4,0,302,5,3,2
30,5,0,348,5,3,2
30,6,0,306,5,3,2
30,7,0,330,5,3,2
30,8,0,330,5,3,2
31,1,1,774,5,3,2
31,2,1,810,5,3,2
31,3,1,862,5,3,2
31,4,1,787,5,3,2
31,5,1,821,5,3,2
31,6,1,847,5,3,2
31,7,1,850,5,3,2
31,8,1,826,5,3,2
32,1,1,8111,5,3,2
32,2,1,8160,5,3,2
32,3,1,8056,5,3,2
32,4,1,8118,5,3,2
32,5,1,8111,5,3,2
32,6,1,8225,5,3,2
32,7,1,8161,5,3,2
32,8,1,8090,5,3,2
33,1,1,1882,5,3,2
33,2,1,1964,5,3,2
33,3,1,1902,5,3,2
33,4,1,1841,5,3,2
33,5,1,1884,5,3,2
33,6,1,1867,5,3,2
33,7,1,1874,5,3,2
33,8,1,1923,5,3,2
34,1,1,139,5,3,2
34,2,1,127,5,3,2
34,3,1,118,5,3,2
34,4,1,123,5,3,2
34,5,1,106,5,3,2
34,6,1,111,5,3,2
34,7,1,125,5,3,2
34,8,1,120,5,3,2
35,1,1,34866,5,3,2
35,2,1,34519,5,3,2
35,3,1,34748,5,3,2
35,4,1,34628,5,3,2
35,5,1,34797,5,3,2
35,6,1,34926,5,3,2
35,7,1,35021,5,3,2
35,8,1,34906,5,3,2
36,1,0,420,5,3,2
36,2,0,463,5,3,2
36,3,0,431,5,3,2
36,4,0,441,5,3,2
36,5,0,467,5,3,2
36,6,0,473,5,3,2
36,7,0,440,5,3,2
36,8,0,422,5,3,2
37,1,1,27757,5,3,2
37,2,1,28007,5,3,2
37,3,1,27576,5,3,2
37,4,1,27809,5,3,2
37,5,1,27907,5,3,2
37,6,1,28017,5,3,2
37,7,1,28054,5,3,2
37,8,1,27892,5,3,2
38,1,0,29,5,3,2
38,2,0,44,5,3,2
38,3,0,37,5,3,2
38,4,0,31,5,3,2
38,5,0,35,5,3,2
38,6,0,42,5,3,2
38,7,0,30,5,3,2
38,8,0,40,5,3,2
39,1,0,470,5,3,2
39,2,0,442,5,3,2
39,3,0,477,5,3,2
39,4,0,511,5,3,2
39,5,0,472,5,3,2
39,6,0,474,5,3,2
39,7,0,520,5,3,2
39,8,0,509,5,3,2
40,1,1,1665,5,3,2
40,2,1,1539,5,3,2
40,3,1,1555,5,3,2
40,4,1,1609,5,3,2
40,5,1,1630,5,3,2
40,6,1,1629,5,3,2
40,7,1,1595,5,3,2
40,8,1,1543,5,3,2
41,1,1,1076,5,3,2
41,2,1,1077,5,3,2
41,3,1,1090,5,3,2
41,4,1,1047,5,3,2
41,5,1,1034,5,3,2
41,6,1,1073,5,3,2
41,7,1,1046,5,3,2
41,8,1,1073,5,3,2
42,1,0,22,5,3,2
42,2,0,12,5,3,2
42,3,0,22,5,3,2
42,4,0,24,5,3,2
42,5,0,18,5,3,2
42,6,0,25,5,3,2
42,7,0,19,5,3,2
42,8,0,18,5,3,2
43,1,0,9,5,3,2
43,2,0,11,5,3,2
43,3,0,20,5,3,2
43,4,0,19,5,3,2
43,5,0,19,5,3,2
43,6,0,10,5,3,2
43,7,0,18,5,3,2
43,8,0,13,5,3,2
44,1,0,20,5,3,2
44,2,0,28,5,3,2
44,3,0,27,5,3,2
44,4,0,33,5,3,2
44,5,0,30,5,3,2
44,6,0,31,5,3,2
44,7,0,26,5,3,2
44,8,0,31,5,3,2
45,1,0,167,5,3,2
45,2,0,198,5,3,2
45,3,0,208,5,3,2
45,4,0,163,5,3,2
45,5,0,160,5,3,2
45,6,0,174,5,3,2
45,7,0,213,5,3,2
45,8,0,204,5,3,2
46,1,1,4500,5,3,2
46,2,1,4593,5,3,2
46,3,1,4464,5,3,2
46,4,1,4500,5,3,2
46,5,1,4389,5,3,2
46,6,1,4470,5,3,2
46,7,1,4453,5,3,2
46,8,1,4516,5,3,2
47,1,0,253,5,3,2
47,2,0,248,5,3,2
47,3,0,240,5,3,2
47,4,0,226,5,3,2
47,5,0,210,5,3,2
47,6,0,233,5,3,2
47,7,0,220,5,3,2
47,8,0,255,5,3,2
48,1,1,200,5,3,2
48,2,1,206,5,3,2
48,3,1,190,5,3,2
48,4,1,204,5,3,2
48,5,1,214,5,3,2
48,6,1,200,5,3,2
48,7,1,199,5,3,2
48,8,1,223,5,3,2
49,1,1,1221,5,3,2
49,2,1,1223,5,3,2
49,3,1,1251,5,3,2
49,4,1,1235,5,3,2
49,5,1,1204,5,3,2
49,6,1,1221,5,3,2
49,7,1,1228,5,3,2
49,8,1,1307,5,3,2
50,1,1,2594,5,3,2
50,2,1,2724,5,3,2
50,3,1,2685,5,3,2
50,4,1,2671,5,3,2
50,5,1,2589,5,3,2
50,6,1,2533,5,3,2
50,7,1,2623,5,3,2
50,8,1,2634,5,3,2
51,1,1,117792,5,3,2
51,2,1,117794,5,3,2
51,3,1,118178,5,3,2
51,4,1,118015,5,3,2
51,5,1,117884,5,3,2
51,6,1,118144,5,3,2
51,7,1,118055,5,3,2
51,8,1,117765,5,3,2
52,1,0,177,5,3,2
52,2,0,189,5,3,2
52,3,0,182,5,3,2
52,4,0,168,5,3,2
52,5,0,182,5,3,2
52,6,0,169,5,3,2
52,7,0,187,5,3,2
52,8,0,170,5,3,2
53,1,0,1,5,3,2
53,2,0,2,5,3,2
53,3,0,0,5,3,2
53,4,0,1,5,3,2
53,5,0,1,5,3,2
53,6,0,1,5,3,2
53,7,0,0,5,3,2
53,8,0,1,5,3,2
54,1,1,116,5,3,2
54,2,1,107,5,3,2
54,3,1,118,5,3,2
54,4,1,125,5,3,2
54,5,1,125,5,3,2
54,6,1,133,5,3,2
54,7,1,115,5,3,2
54,8,1,129,5,3,2
55,1,0,222,5,3,2
55,2,0,217,5,3,2
55,3,0,215,5,3,2
55,4,0,234,5,3,2
55,5,0,186,5,3,2
55,6,0,215,5,3,2
55,7,0,210,5,3,2
55,8,0,250,5,3,2
56,1,0,262,5,3,2
56,2,0,261,5,3,2
56,3,0,301,5,3,2
56,4,0,308,5,3,2
56,5,0,295,5,3,2
56,6,0,333,5,3,2
56,7,0,297,5,3,2
56,8,0,265,5,3,2
57,1,1,1629,5,3,2
57,2,1,1546,5,3,2
57,3,1,1657,5,3,2
57,4,1,1547,5,3,2
57,5,1,1556,5,3,2
57,6,1,1503,5,3,2
57,7,1,1519,5,3,2
57,8,1,1511,5,3,2
58,1,1,539,5,3,2
58,2,1,522,5,3,2
58,3,1,503,5,3,2
58,4,1,547,5,3,2
58,5,1,529,5,3,2
58,6,1,511,5,3,2
58,7,1,477,5,3,2
58,8,1,538,5,3,2
59,1,1,36199,5,3,2
59,2,1,35980,5,3,2
59,3,1,36078,5,3,2
59,4,1,35912,5,3,2
59,5,1,36217,5,3,2
59,6,1,36061,5,3,2
59,7,1,35953,5,3,2
59,8,1,35845,5,3,2
60,1,0,688,5,3,2
60,2,0,694,5,3,2
60,3,0,769,5,3,2
60,4,0,735,5,3,2
60,5,0,734,5,3,2
60,6,0,729,5,3,2
60,7,0,732,5,3,2
60,8,0,725,5,3,2
61,1,0,246,5,3,2
61,2,0,225,5,3,2
61,3,0,235,5,3,2
61,4,0,242,5,3,2
61,5,0,224,5,3,2
61,6,0,237,5,3,2
61,7,0,248,5,3,2
61,8,0,263,5,3,2
62,1,1,15985,5,3,2
62,2,1,15812,5,3,2
62,3,1,16103,5,3,2
62,4,1,15719,5,3,2
62,5,1,15917,5,3,2
62,6,1,15526,5,3,2
62,7,1,15755,5,3,2
62,8,1,15870,5,3,2
63,1,0,22,5,3,2
63,2,0,20,5,3,2
63,3,0,31,5,3,2
63,4,0,25,5,3,2
63,5,0,21,5,3,2
63,6,0,15,5,3,2
63,7,0,21,5,3,2
63,8,0,22,5,3,2
64,1,1,31759,5,3,2
64,2,1,32124,5,3,2
64,3,1,31719,5,3,2
64,4,1,31382,5,3,2
64,5,1,31956,5,3,2
64,6,1,31705,5,3,2
64,7,1,31799,5,3,2
64,8,1,31954,5,3,2
65,1,0,10,5,3,2
65,2,0,18,5,3,2
65,3,0,16,5,3,2
65,4,0,14,5,3,2
65,5,0,11,5,3,2
65,6,0,5,5,3,2
65,7,0,11,5,3,2
65,8,0,11,5,3,2
66,1,1,4429,5,3,2
66,2,1,4309,5,3,2
66,3,1,4360,5,3,2
66,4,1,4320,5,3,2
66,5,1,4433,5,3,2
66,6,1,4422,5,3,2
66,7,1,4321,5,3,2
66,8,1,4342,5,3,2
67,1,1,6544,5,3,2
67,2,1,6633,5,3,2
67,3,1,6753,5,3,2
67,4,1,6674,5,3,2
67,5,1,6746,5,3,2
67,6,1,6680,5,3,2
67,7,1,6659,5,3,2
67,8,1,6554,5,3,2
68,1,1,9801,5,3,2
68,2,1,9881,5,3,2
68,3,1,9827,5,3,2
68,4,1,9868,5,3,2
68,5,1,9805,5,3,2
68,6,1,9871,5,3,2
68,7,1,9779,5,3,2
68,8,1,9720,5,3,2
69,1,1,15146,5,3,2
69,2,1,15238,5,3,2
69,3,1,15242,5,3,2
69,4,1,15221,5,3,2
69,5,1,15077,5,3,2
69,6,1,15152,5,3,2
69,7,1,15106,5,3,2
69,8,1,14971,5,3,2
70,1,1,11812,5,3,2
70,2,1,11849,5,3,2
70,3,1,11810,5,3,2
70,4,1,11854,5,3,2
70,5,1,11824,5,3,2
70,6,1,11882,5,3,2
70,7,1,11844,5,3,2
70,8,1,11728,5,3,2
71,1,1,7478,5,3,2
71,2,1,7611,5,3,2
71,3,1,7658,5,3,2
71,4,1,7507,5,3,2
71,5,1,7767,5,3,2
71,6,1,7523,5,3,2
71,7,1,7640,5,3,2
71,8,1,7565,5,3,2
72,1,0,8597,5,3,2
72,2,0,8503,5,3,2
72,3,0,8457,5,3,2
72,4,0,8553,5,3,2
72,5,0,8393,5,3,2
72,6,0,8484,5,3,2
72,7,0,8472,5,3,2
72,8,0,8743,5,3,2
73,1,1,28005,5,3,2
73,2,1,27938,5,3,2
73,3,1,27959,5,3,2
73,4,1,28250,5,3,2
73,5,1,28142,5,3,2
73,6,1,28037,5,3,2
73,7,1,28249,5,3,2
73,8,1,27943,5,3,2
74,1,0,82,5,3,2
74,2,0,97,5,3,2
74,3,0,93,5,3,2
74,4,0,83,5,3,2
74,5,0,105,5,3,2
74,6,0,83,5,3,2
74,7,0,88,5,3,2
74,8,0,80,5,3,2
75,1,0,406,5,3,2
75,2,0,374,5,3,2
75,3,0,389,5,3,2
75,4,0,400,5,3,2
75,5,0,390,5,3,2
75,6,0,414,5,3,2
75,7,0,367,5,3,2
75,8,0,344,5,3,2
76,1,0,3858,5,3,2
76,2,0,3938,5,3,2
76,3,0,3912,5,3,2
76,4,0,3877,5,3,2
76,5,0,4004,5,3,2
76,6,0,4001,5,3,2
76,7,0,3975,5,3,2
76,8,0,3982,5,3,2
77,1,0,7331,5,3,2
77,2,0,7433,5,3,2
77,3,0,7446,5,3,2
77,4,0,7297,5,3,2
77,5,0,7505,5,3,2
77,6,0,7483,5,3,2
77,7,0,7518,5,3,2
77,8,0,7388,5,3,2
78,1,1,2780,5,3,2
78,2,1,2831,5,3,2
78,3,1,2860,5,3,2
78,4,1,2839,5,3,2
78,5,1,2843,5,3,2
78,6,1,2882,5,3,2
78,7,1,2870,5,3,2
78,8,1,2876,5,3,2
79,1,0,1592,5,3,2
79,2,0,1727,5,3,2
79,3,0,1608,5,3,2
79,4,0,1654,5,3,2
79,5,0,1624,5,3,2
79,6,0,1592,5,3,2
79,7,0,1601,5,3,2
79,8,0,1665,5,3,2
80,1,0,21,5,3,2
80,2,0,25,5,3,2
80,3,0,23,5,3,2
80,4,0,25,5,3,2
80,5,0,21,5,3,2
80,6,0,16,5,3,2
80,7,0,22,5,3,2
80,8,0,23,5,3,2
81,1,1,747,5,3,2
81,2,1,721,5,3,2
81,3,1,725,5,3,2
81,4,1,742,5,3,2
81,5,1,733,5,3,2
81,6,1,707,5,3,2
81,7,1,704,5,3,2
81,8,1,706,5,3,2
82,1,0,94,5,3,2
82,2,0,77,5,3,2
82,3,0,81,5,3,2
82,4,0,89,5,3,2
82,5,0,87,5,3,2
82,6,0,89,5,3,2
82,7,0,81,5,3,2
82,8,0,81,5,3,2
83,1,1,1542,5,3,2
83,2,1,1471,5,3,2
83,3,1,1548,5,3,2
83,4,1,1510,5,3,2
83,5,1,1537,5,3,2
83,6,1,1517,5,3,2
83,7,1,1546,5,3,2
83,8,1,1487,5,3,2
84,1,1,1999,5,3,2
84,2,1,1995,5,3,2
84,3,1,1884,5,3,2
84,4,1,1940,5,3,2
84,5,1,1942,5,3,2
84,6,1,1941,5,3,2
84,7,1,1947,5,3,2
84,8,1,1880,5,3,2
85,1,1,337,5,3,2
85,2,1,371,5,3,2
85,3,1,335,5,3,2
85,4,1,330,5,3,2
85,5,1,388,5,3,2
85,6,1,324,5,3,2
85,7,1,350,5,3,2
85,8,1,353,5,3,2
86,1,1,7217,5,3,2
86,2,1,7251,5,3,2
86,3,1,7102,5,3,2
86,4,1,7289,5,3,2
86,5,1,7144,5,3,2
86,6,1,7222,5,3,2
86,7,1,7256,5,3,2
86,8,1,7127,5,3,2
87,1,1,18749,5,3,2
87,2,1,18878,5,3,2
87,3,1,18891,5,3,2
87,4,1,18962,5,3,2
87,5,1,18752,5,3,2
87,6,1,18965,5,3,2
87,7,1,18967,5,3,2
87,8,1,19178,5,3,2
88,1,0,2978,5,3,2
88,2,0,2897,5,3,2
88,3,0,2996,5,3,2
88,4,0,2971,5,3,2
88,5,0,3030,5,3,2
88,6,0,3087,5,3,2
88,7,0,2978,5,3,2
88,8,0,2954,5,3,2
89,1,1,3636,5,3,2
89,2,1,3596,5,3,2
89,3,1,3567,5,3,2
89,4,1,3696,5,3,2
89,5,1,3651,5,3,2
89,6,1,3721,5,3,2
89,7,1,3677,5,3,2
89,8,1,3583,5,3,2
90,1,0,146,5,3,2
90,2,0,178,5,3,2
90,3,0,145,5,3,2
90,4,0,145,5,3,2
90,5,0,165,5,3,2
90,6,0,138,5,3,2
90,7,0,156,5,3,2
90,8,0,160,5,3,2
91,1,0,110,5,3,2
91,2,0,104,5,3,2
91,3,0,106,5,3,2
91,4,0,97,5,3,2
91,5,0,88,5,3,2
91,6,0,87,5,3,2
91,7,0,93,5,3,2
91,8,0,95,5,3,2
92,1,0,405,5,3,2
92,2,0,437,5,3,2
92,3,0,430,5,3,2
92,4,0,428,5,3,2
92,5,0,436,5,3,2
92,6,0,437,5,3,2
92,7,0,451,5,3,2
92,8,0,465,5,3,2
93,1,1,83570,5,3,2
93,2,1,83535,5,3,2
93,3,1,83432,5,3,2
93,4,1,83024,5,3,2
93,5,1,83135,5,3,2
93,6,1,82958,5,3,2
93,7,1,83301,5,3,2
93,8,1,83148,5,3,2
94,1,1,1367,5,3,2
94,2,1,1355,5,3,2
94,3,1,1415,5,3,2
94,4,1,1349,5,3,2
94,5,1,1396,5,3,2
94,6,1,1380,5,3,2
94,7,1,1323,5,3,2
94,8,1,1352,5,3,2
95,1,1,51074,5,3,2
95,2,1,50762,5,3,2
95,3,1,51167,5,3,2
95,4,1,51058,5,3,2
95,5,1,50910,5,3,2
95,6,1,50717,5,3,2
95,7,1,50840,5,3,2
95,8,1,50417,5,3,2
96,1,1,6369,5,3,2
96,2,1,6321,5,3,2
96,3,1,6422,5,3,2
96,4,1,6447,5,3,2
96,5,1,6352,5,3,2
96,6,1,6425,5,3,2
96,7,1,6332,5,3,2
96,8,1,6388,5,3,2
97,1,1,684,5,3,2
97,2,1,741,5,3,2
97,3,1,689,5,3,2
97,4,1,721,5,3,2
97,5,1,722,5,3,2
97,6,1,772,5,3,2
97,7,1,674,5,3,2
97,8,1,714,5,3,2
98,1,0,55,5,3,2
98,2,0,35,5,3,2
98,3,0,56,5,3,2
98,4,0,41,5,3,2
98,5,0,56,5,3,2
98,6,0,51,5,3,2
98,7,0,54,5,3,2
98,8,0,41,5,3,2
99,1,1,22503,5,3,2
99,2,1,22168,5,3,2
99,3,1,22210,5,3,2
99,4,1,22128,5,3,2
99,5,1,22160,5,3,2
99,6,1,21901,5,3,2
99,7,1,22146,5,3,2
99,8,1,22173,5,3,2
100,1,0,188,5,3,2
100,2,0,200,5,3,2
100,3,0,212,5,3,2
100,4,0,200,5,3,2
100,5,0,222,5,3,2
100,6,0,211,5,3,2
100,7,0,190,5,3,2
100,8,0,213,5,3,2
101,1,1,3750,5,3,2
101,2,1,3741,5,3,2
101,3,1,3786,5,3,2
101,4,1,3711,5,3,2
101,5,1,3713,5,3,2
101,6,1,3735,5,3,2
101,7,1,3801,5,3,2
101,8,1,3787,5,3,2
102,1,0,2,5,3,2
102,2,0,3,5,3,2
102,3,0,4,5,3,2
102,4,0,3,5,3,2
102,5,0,3,5,3,2
102,6,0,3,5,3,2
102,7,0,4,5,3,2
102,8,0,3,5,3,2
103,1,0,912,5,3,2
103,2,0,990,5,3,2
103,3,0,917,5,3,2
103,4,0,986,5,3,2
103,5,0,919,5,3,2
103,6,0,921,5,3,2
103,7,0,896,5,3,2
103,8,0,874,5,3,2
104,1,0,1,5,3,2
104,2,0,5,5,3,2
104,3,0,3,5,3,2
104,4,0,5,5,3,2
104,5,0,7,5,3,2
104,6,0,3,5,3,2
104,7,0,2,5,3,2
104,8,0,3,5,3,2
105,1,1,13630,5,3,2
105,2,1,13571,5,3,2
105,3,1,13769,5,3,2
105,4,1,13609,5,3,2
105,5,1,13668,5,3,2
105,6,1,13661,5,3,2
105,7,1,13685,5,3,2
105,8,1,13519,5,3,2
106,1,0,2290,5,3,2
106,2,0,2373,5,3,2
106,3,0,2259,5,3,2
106,4,0,2280,5,3,2
106,5,0,2455,5,3,2
106,6,0,2302,5,3,2
106,7,0,2347,5,3,2
106,8,0,2301,5,3,2
107,1,0,444,5,3,2
107,2,0,375,5,3,2
107,3,0,381,5,3,2
107,4,0,417,5,3,2
107,5,0,451,5,3,2
107,6,0,375,5,3,2
107,7,0,400,5,3,2
107,8,0,428,5,3,2
108,1,0,406,5,3,2
108,2,0,407,5,3,2
108,3,0,389,5,3,2
108,4,0,430,5,3,2
108,5,0,409,5,3,2
108,6,0,423,5,3,2
108,7,0,415,5,3,2
108,8,0,406,5,3,2
109,1,0,76,5,3,2
109,2,0,81,5,3,2
109,3,0,77,5,3,2
109,4,0,59,5,3,2
109,5,0,92,5,3,2
109,6,0,81,5,3,2
109,7,0,88,5,3,2
109,8,0,71,5,3,2
110,1,1,3008,5,3,2
110,2,1,3003,5,3,2
110,3,1,2961,5,3,2
110,4,1,2965,5,3,2
110,5,1,2950,5,3,2
110,6,1,2910,5,3,2
110,7,1,3017,5,3,2
110,8,1,3052,5,3,2
111,1,0,13,5,3,2
111,2,0,12,5,3,2
111,3,0,12,5,3,2
111,4,0,12,5,3,2
111,5,0,16,5,3,2
111,6,0,16,5,3,2
111,7,0,7,5,3,2
111,8,0,15,5,3,2
112,1,1,5328,5,3,2
112,2,1,5220,5,3,2
112,3,1,5240,5,3,2
112,4,1,5266,5,3,2
112,5,1,5280,5,3,2
112,6,1,5364,5,3,2
112,7,1,5130,5,3,2
112,8,1,5192,5,3,2
113,1,0,215,5,3,2
113,2,0,242,5,3,2
113,3,0,234,5,3,2
113,4,0,226,5,3,2
113,5,0,220,5,3,2
113,6,0,237,5,3,2
113,7,0,205,5,3,2
113,8,0,192,5,3,2
114,1,1,1569,5,3,2
114,2,1,1653,5,3,2
114,3,1,1591,5,3,2
114,4,1,1648,5,3,2
114,5,1,1619,5,3,2
114,6,1,1558,5,3,2
114,7,1,1570,5,3,2
114,8,1,1618,5,3,2
115,1,0,369,5,3,2
115,2,0,391,5,3,2
115,3,0,316,5,3,2
115,4,0,342,5,3,2
115,5,0,374,5,3,2
115,6,0,389,5,3,2
115,7,0,334,5,3,2
115,8,0,343,5,3,2
116,1,1,2680,5,3,2
116,2,1,2602,5,3,2
116,3,1,2606,5,3,2
116,4,1,2640,5,3,2
116,5,1,2707,5,3,2
116,6,1,2588,5,3,2
116,7,1,2644,5,3,2
116,8,1,2673,5,3,2
117,1,1,1374,5,3,2
117,2,1,1407,5,3,2
117,3,1,1367,5,3,2
117,4,1,1380,5,3,2
117,5,1,1427,5,3,2
117,6,1,1408,5,3,2
117,7,1,1368,5,3,2
117,8,1,1388,5,3,2
118,1,0,8619,5,3,2
118,2,0,8556,5,3,2
118,3,0,8553,5,3,2
118,4,0,8525,5,3,2
118,5,0,8626,5,3,2
118,6,0,8436,5,3,2
118,7,0,8535,5,3,2
118,8,0,8625,5,3,2
119,1,0,56,5,3,2
119,2,0,55,5,3,2
119,3,0,48,5,3,2
119,4,0,58,5,3,2
119,5,0,63,5,3,2
119,6,0,45,5,3,2
119,7,0,54,5,3,2
119,8,0,44,5,3,2
120,1,0,117,5,3,2
120,2,0,94,5,3,2
120,3,0,121,5,3,2
120,4,0,103,5,3,2
120,5,0,90,5,3,2
120,6,0,99,5,3,2
120,7,0,115,5,3,2
120,8,0,110,5,3,2
121,1,1,2271,5,3,2
121,2,1,2239,5,3,2
121,3,1,2248,5,3,2
121,4,1,2179,5,3,2
121,5,1,2244,5,3,2
121,6,1,2268,5,3,2
121,7,1,2210,5,3,2
121,8,1,2244,5,3,2
122,1,1,5009,5,3,2
122,2,1,5013,5,3,2
122,3,1,4979,5,3,2
122,4,1,4760,5,3,2
122,5,1,4920,5,3,2
122,6,1,4839,5,3,2
122,7,1,4733,5,3,2
122,8,1,4870,5,3,2
123,1,0,66,5,3,2
123,2,0,49,5,3,2
123,3,0,67,5,3,2
123,4,0,58,5,3,2
123,5,0,62,5,3,2
123,6,0,52,5,3,2
123,7,0,71,5,3,2
123,8,0,46,5,3,2
124,1,0,8,5,3,2
124,2,0,15,5,3,2
124,3,0,10,5,3,2
124,4,0,10,5,3,2
124,5,0,7,5,3,2
124,6,0,10,5,3,2
124,7,0,16,5,3,2
124,8,0,14,5,3,2
125,1,1,8248,5,3,2
125,2,1,8245,5,3,2
125,3,1,8263,5,3,2
125,4,1,8390,5,3,2
125,5,1,8320,5,3,2
125,6,1,8492,5,3,2
125,7,1,8231,5,3,2
125,8,1,8308,5,3,2
126,1,1,37422,5,3,2
126,2,1,37286,5,3,2
126,3,1,36852,5,3,2
126,4,1,37391,5,3,2
126,5,1,37545,5,3,2
126,6,1,37248,5,3,2
126,7,1,37426,5,3,2
126,8,1,37484,5,3,2
127,1,1,1095,5,3,2
127,2,1,1104,5,3,2
127,3,1,1057,5,3,2
127,4,1,1118,5,3,2
127,5,1,1072,5,3,2
127,6,1,1108,5,3,2
127,7,1,1140,5,3,2
127,8,1,1097,5,3,2
128,1,1,4410,5,3,2
128,2,1,4450,5,3,2
128,3,1,4398,5,3,2
128,4,1,4344,5,3,2
128,5,1,4390,5,3,2
128,6,1,4451,5,3,2
128,7,1,4483,5,3,2
128,8,1,4386,5,3,2
129,1,0,29,5,3,2
129,2,0,43,5,3,2
129,3,0,33,5,3,2
129,4,0,33,5,3,2
129,5,0,32,5,3,2
129,6,0,37,5,3,2
129,7,0,36,5,3,2
129,8,0,36,5,3,2
130,1,0,213,5,3,2
130,2,0,181,5,3,2
130,3,0,153,5,3,2
130,4,0,174,5,3,2
130,5,0,181,5,3,2
130,6,0,186,5,3,2
130,7,0,164,5,3,2
130,8,0,159,5,3,2
131,1,1,2217,5,3,2
131,2,1,2231,5,3,2
131,3,1,2262,5,3,2
131,4,1,2239,5,3,2
131,5,1,2228,5,3,2
131,6,1,2329,5,3,2
131,7,1,2243,5,3,2
131,8,1,2220,5,3,2
132,1,0,775,5,3,2
132,2,0,763,5,3,2
132,3,0,706,5,3,2
132,4,0,756,5,3,2
132,5,0,792,5,3,2
132,6,0,751,5,3,2
132,7,0,767,5,3,2
132,8,0,779,5,3,2
133,1,0,6773,5,3,2
133,2,0,6753,5,3,2
133,3,0,6669,5,3,2
133,4,0,6564,5,3,2
133,5,0,6585,5,3,2
133,6,0,6729,5,3,2
133,7,0,6725,5,3,2
133,8,0,6707,5,3,2
134,1,1,1563,5,3,2
134,2,1,1606,5,3,2
134,3,1,1571,5,3,2
134,4,1,1589,5,3,2
134,5,1,1507,5,3,2
134,6,1,1502,5,3,2
134,7,1,1547,5,3,2
134,8,1,1577,5,3,2
135,1,1,1688,5,3,2
135,2,1,1701,5,3,2
135,3,1,1723,5,3,2
135,4,1,1666,5,3,2
135,5,1,1656,5,3,2
135,6,1,1703,5,3,2
135,7,1,1748,5,3,2
135,8,1,1682,5,3,2
136,1,1,118593,5,3,2
136,2,1,117832,5,3,2
136,3,1,118677,5,3,2
136,4,1,118280,5,3,2
136,5,1,117650,5,3,2
136,6,1,117949,5,3,2
136,7,1,118370,5,3,2
136,8,1,118832,5,3,2
137,1,1,13085,5,3,2
137,2,1,13065,5,3,2
137,3,1,13278,5,3,2
137,4,1,13072,5,3,2
137,5,1,13141,5,3,2
137,6,1,13421,5,3,2
137,7,1,13352,5,3,2
137,8,1,13179,5,3,2
138,1,1,5204,5,3,2
138,2,1,5388,5,3,2
138,3,1,5244,5,3,2
138,4,1,5239,5,3,2
138,5,1,5291,5,3,2
138,6,1,5209,5,3,2
138,7,1,5285,5,3,2
138,8,1,5341,5,3,2
139,1,1,103506,5,3,2
139,2,1,103560,5,3,2
139,3,1,103506,5,3,2
139,4,1,103263,5,3,2
139,5,1,104028,5,3,2
139,6,1,103405,5,3,2
139,7,1,103615,5,3,2
139,8,1,103828,5,3,2
140,1,1,180,5,3,2
140,2,1,208,5,3,2
140,3,1,165,5,3,2
140,4,1,186,5,3,2
140,5,1,182,5,3,2
140,6,1,167,5,3,2
140,7,1,178,5,3,2
140,8,1,197,5,3,2
141,1,0,17,5,3,2
141,2,0,17,5,3,2
141,3,0,19,5,3,2
141,4,0,22,5,3,2
141,5,0,25,5,3,2
141,6,0,18,5,3,2
141,7,0,30,5,3,2
141,8,0,30,5,3,2
142,1,0,578,5,3,2
142,2,0,582,5,3,2
142,3,0,575,5,3,2
142,4,0,568,5,3,2
142,5,0,573,5,3,2
142,6,0,589,5,3,2
142,7,0,576,5,3,2
142,8,0,562,5,3,2
143,1,0,547,5,3,2
143,2,0,564,5,3,2
143,3,0,584,5,3,2
143,4,0,577,5,3,2
143,5,0,522,5,3,2
143,6,0,546,5,3,2
143,7,0,568,5,3,2
143,8,0,547,5,3,2
144,1,1,15087,5,3,2
144,2,1,15074,5,3,2
144,3,1,15176,5,3,2
144,4,1,15012,5,3,2
144,5,1,14984,5,3,2
144,6,1,15132,5,3,2
144,7,1,15120,5,3,2
144,8,1,15097,5,3,2
