"G","R","X","Y","alpha","beta","gamma"
1,1,1,7.81870882128316,5,3,2
1,2,1,6.6718958039203,5,3,2
1,3,1,6.75360213482568,5,3,2
1,4,1,7.50688294000985,5,3,2
1,5,1,6.88183832789959,5,3,2
1,6,1,7.76856888181,5,3,2
1,7,1,7.15463319023047,5,3,2
1,8,1,6.58414787448224,5,3,2
1,9,1,6.97477518172917,5,3,2
1,10,1,6.80908680133627,5,3,2
1,11,1,7.53527125458592,5,3,2
1,12,1,7.31980488689686,5,3,2
1,13,1,6.880955723311,5,3,2
1,14,1,7.46612910271632,5,3,2
1,15,1,6.71539849815521,5,3,2
1,16,1,7.19578583564308,5,3,2
1,17,1,7.54958830595377,5,3,2
2,1,0,6.59519303703473,5,3,2
2,2,0,5.91391931173064,5,3,2
2,3,0,6.97355810820023,5,3,2
2,4,0,7.49304541961986,5,3,2
2,5,0,5.53036940318595,5,3,2
2,6,0,5.6914604524436,5,3,2
2,7,0,5.64066205870193,5,3,2
2,8,0,6.74043050297987,5,3,2
2,9,0,6.20555772660702,5,3,2
2,10,0,6.36269581961181,5,3,2
2,11,0,5.84608685543589,5,3,2
2,12,0,6.68123298865502,5,3,2
2,13,0,6.82144133272929,5,3,2
2,14,0,6.90065903878815,5,3,2
2,15,0,5.64530304387029,5,3,2
2,16,0,7.11644122370428,5,3,2
2,17,0,5.98507117778102,5,3,2
3,1,0,6.83493702792035,5,3,2
3,2,0,5.95416069046938,5,3,2
3,3,0,5.68568235576745,5,3,2
3,4,0,6.0403948526463,5,3,2
3,5,0,6.07601259692572,5,3,2
3,6,0,6.0569322450463,5,3,2
3,7,0,6.8208709304604,5,3,2
3,8,0,5.93722537796852,5,3,2
3,9,0,5.92032977178367,5,3,2
3,10,0,6.62797854975744,5,3,2
3,11,0,6.62497747379714,5,3,2
3,12,0,6.26800882871817,5,3,2
3,13,0,5.27820430267338,5,3,2
3,14,0,5.88037137108595,5,3,2
3,15,0,6.28441278468309,5,3,2
3,16,0,6.27698365430757,5,3,2
3,17,0,6.88340570834227,5,3,2
4,1,1,9.25130077093826,5,3,2
4,2,1,9.79462320594262,5,3,2
4,3,1,9.95125734112835,5,3,2
4,4,1,9.40842552283809,5,3,2
4,5,1,9.18545924300278,5,3,2
4,6,1,9.37360138450883,5,3,2
4,7,1,9.4127440708976,5,3,2
4,8,1,8.56350429225683,5,3,2
4,9,1,8.63125407550779,5,3,2
4,10,1,9.46846908706113,5,3,2
4,11,1,9.48268547841137,5,3,2
4,12,1,8.97116249327705,5,3,2
4,13,1,9.21746361683202,5,3,2
4,14,1,8.5105925605014,5,3,2
4,15,1,9.43761103092816,5,3,2
4,16,1,8.9267217876544,5,3,2
4,17,1,10.3164476194032,5,3,2
5,1,0,2.96018254640245,5,3,2
5,2,0,3.14620409836698,5,3,2
5,3,0,3.32721995730204,5,3,2
5,4,0,3.55864552063959,5,3,2
5,5,0,3.13712091191141,5,3,2
5,6,0,3.60634275063438,5,3,2
5,7,0,3.58743963669072,5,3,2
5,8,0,3.86546128768818,5,3,2
5,9,0,2.67534953044966,5,3,2
5,10,0,3.57294960484209,5,3,2
5,11,0,3.11220704490532,5,3,2
5,12,0,2.80195438853386,5,3,2
5,13,0,3.07816547151844,5,3,2
5,14,0,3.11671307898086,5,3,2
5,15,0,3.03839349482613,5,3,2
5,16,0,3.48769195397054,5,3,2
5,17,0,3.14834837603132,5,3,2
6,1,1,8.79592050984253,5,3,2
6,2,1,8.29337932038896,5,3,2
6,3,1,9.09811259937307,5,3,2
6,4,1,8.71258525061775,5,3,2
6,5,1,8.22998148108405,5,3,2
6,6,1,7.92093039475728,5,3,2
6,7,1,9.58622848565095,5,3,2
6,8,1,8.49616928456727,5,3,2
6,9,1,7.90121922131586,5,3,2
6,10,1,9.02869144683891,5,3,2
6,11,1,8.04814690504034,5,3,2
6,12,1,8.77994156393313,5,3,2
6,13,1,8.3387403696556,5,3,2
6,14,1,8.85730015607184,5,3,2
6,15,1,8.69040703549595,5,3,2
6,16,1,8.79981104919362,5,3,2
6,17,1,9.86725820541604,5,3,2
7,1,1,10.9205650989208,5,3,2
7,2,1,10.4779516227113,5,3,2
7,3,1,10.5736219128979,5,3,2
7,4,1,10.6418916706283,5,3,2
7,5,1,10.6521220191458,5,3,2
7,6,1,11.0168015797009,5,3,2
7,7,1,10.9297777376084,5,3,2
7,8,1,11.7540255632959,5,3,2
7,9,1,10.7419924232047,5,3,2
7,10,1,11.3338470079102,5,3,2
7,11,1,10.3303905396929,5,3,2
7,12,1,11.3560406786304,5,3,2
7,13,1,10.8716087978521,5,3,2
7,14,1,9.95931503975799,5,3,2
7,15,1,11.5290666582141,5,3,2
7,16,1,10.9390055865299,5,3,2
7,17,1,10.501340777964,5,3,2
8,1,1,5.79211552414181,5,3,2
8,2,1,6.4106988680472,5,3,2
8,3,1,5.41997896513493,5,3,2
8,4,1,5.84908247921918,5,3,2
8,5,1,5.84589731429416,5,3,2
8,6,1,6.16742975428055,5,3,2
8,7,1,5.95292291575886,5,3,2
8,8,1,5.57793457034479,5,3,2
8,9,1,5.19269011664724,5,3,2
8,10,1,5.27304901816095,5,3,2
8,11,1,5.87640319650717,5,3,2
8,12,1,6.13579895722258,5,3,2
8,13,1,5.10315312716594,5,3,2
8,14,1,6.16961278293246,5,3,2
8,15,1,5.63511933376594,5,3,2
8,16,1,5.86437625189499,5,3,2
8,17,1,4.94536573600043,5,3,2
9,1,1,4.90592972870472,5,3,2
9,2,1,5.04197248218041,5,3,2
9,3,1,4.72323642678303,5,3,2
9,4,1,5.18745701641567,5,3,2
9,5,1,5.70600076604996,5,3,2
9,6,1,5.73638238574342,5,3,2
9,7,1,5.41650550633897,5,3,2
9,8,1,6.91400594620633,5,3,2
9,9,1,5.03181027942466,5,3,2
9,10,1,4.24639494229971,5,3,2
9,11,1,6.12910969989867,5,3,2
9,12,1,4.46276052266127,5,3,2
9,13,1,4.40432410511986,5,3,2
9,14,1,5.11419697276329,5,3,2
9,15,1,5.23977318360056,5,3,2
9,16,1,5.54528144725133,5,3,2
9,17,1,5.50163519758107,5,3,2
10,1,1,9.94202582457703,5,3,2
10,2,1,10.0103553480237,5,3,2
10,3,1,10.9563790606635,5,3,2
10,4,1,9.55395753532032,5,3,2
10,5,1,10.5280615521982,5,3,2
10,6,1,9.99350724080353,5,3,2
10,7,1,10.4434934173585,5,3,2
10,8,1,11.6798306834949,5,3,2
10,9,1,10.5633420480687,5,3,2
10,10,1,10.5808297602342,5,3,2
10,11,1,10.0403732622527,5,3,2
10,12,1,9.77008305858996,5,3,2
10,13,1,11.3653937016842,5,3,2
10,14,1,9.64506465417534,5,3,2
10,15,1,10.4994813875495,5,3,2
10,16,1,10.7353415872309,5,3,2
10,17,1,10.1522256909652,5,3,2
11,1,1,3.45859375148564,5,3,2
11,2,1,3.96289145482692,5,3,2
11,3,1,4.49005157177587,5,3,2
11,4,1,3.80968004681934,5,3,2
11,5,1,4.60873930403282,5,3,2
11,6,1,3.83721588735587,5,3,2
11,7,1,4.16843457265766,5,3,2
11,8,1,5.02192704501062,5,3,2
11,9,1,3.89612809889995,5,3,2
11,10,1,4.04029600340983,5,3,2
11,11,1,3.45902030238725,5,3,2
11,12,1,3.98588839363869,5,3,2
11,13,1,3.8894801619477,5,3,2
11,14,1,4.61891741996107,5,3,2
11,15,1,4.78444285983149,5,3,2
11,16,1,3.7965034140254,5,3,2
11,17,1,3.86883126882019,5,3,2
12,1,1,6.14200382550088,5,3,2
12,2,1,5.96475265998346,5,3,2
12,3,1,6.0614219201416,5,3,2
12,4,1,6.47205770259919,5,3,2
12,5,1,5.15226204824854,5,3,2
12,6,1,6.97301590262034,5,3,2
12,7,1,6.16902108097761,5,3,2
12,8,1,5.4404371433001,5,3,2
12,9,1,5.92377013140328,5,3,2
12,10,1,6.24146546131761,5,3,2
12,11,1,5.4313177143899,5,3,2
12,12,1,5.4497846076429,5,3,2
12,13,1,6.13012253755002,5,3,2
12,14,1,5.96845997314271,5,3,2
12,15,1,5.23627563524844,5,3,2
12,16,1,5.40045194284447,5,3,2
12,17,1,5.72778777116075,5,3,2
13,1,1,6.45730334654601,5,3,2
13,2,1,5.57359639862816,5,3,2
13,3,1,6.4288600982426,5,3,2
13,4,1,6.59961197121139,5,3,2
13,5,1,6.01792787191867,5,3,2
13,6,1,6.44999863828881,5,3,2
13,7,1,6.61205117310494,5,3,2
13,8,1,7.50419761928322,5,3,2
13,9,1,6.58073898942706,5,3,2
13,10,1,6.09162608390227,5,3,2
13,11,1,5.71280412748989,5,3,2
13,12,1,6.36044934798392,5,3,2
13,13,1,5.85796038266097,5,3,2
13,14,1,6.38983525441997,5,3,2
13,15,1,6.35062747466777,5,3,2
13,16,1,6.2433828096368,5,3,2
13,17,1,6.33807237167114,5,3,2
14,1,0,3.3146960740305,5,3,2
14,2,0,4.82341188102174,5,3,2
14,3,0,4.32706635227598,5,3,2
14,4,0,3.73985585498608,5,3,2
14,5,0,3.22539842300222,5,3,2
14,6,0,3.96894710432301,5,3,2
14,7,0,3.84905647083436,5,3,2
14,8,0,4.50504681764702,5,3,2
14,9,0,3.31751510034012,5,3,2
14,10,0,4.45565680516317,5,3,2
14,11,0,4.7900086778949,5,3,2
14,12,0,3.66996442097088,5,3,2
14,13,0,4.01858837979571,5,3,2
14,14,0,4.55701348080726,5,3,2
14,15,0,4.3835302036551,5,3,2
14,16,0,3.90664060010216,5,3,2
14,17,0,4.26289560707551,5,3,2
15,1,0,1.59839685476932,5,3,2
15,2,0,2.17883504530862,5,3,2
15,3,0,1.76433388296081,5,3,2
15,4,0,2.13446179532814,5,3,2
15,5,0,2.10403841257715,5,3,2
15,6,0,1.40696636916935,5,3,2
15,7,0,3.45112289239764,5,3,2
15,8,0,2.47616024564148,5,3,2
15,9,0,1.91423066128272,5,3,2
15,10,0,1.85478583847943,5,3,2
15,11,0,2.00788205882368,5,3,2
15,12,0,2.54880573192549,5,3,2
15,13,0,3.1895099142793,5,3,2
15,14,0,2.52904382366214,5,3,2
15,15,0,2.78950231281956,5,3,2
15,16,0,2.15603925436282,5,3,2
15,17,0,2.55174521144169,5,3,2
16,1,0,1.9356810850103,5,3,2
16,2,0,1.83912711382834,5,3,2
16,3,0,2.46301543934357,5,3,2
16,4,0,1.57191621302158,5,3,2
16,5,0,1.28321610417643,5,3,2
16,6,0,1.76790825359863,5,3,2
16,7,0,2.60523786579271,5,3,2
16,8,0,2.34242852785657,5,3,2
16,9,0,1.82305445532869,5,3,2
16,10,0,1.90735397152449,5,3,2
16,11,0,1.73351333452167,5,3,2
16,12,0,1.89110120409115,5,3,2
16,13,0,1.83151072361557,5,3,2
16,14,0,2.22812520909255,5,3,2
16,15,0,1.94004099587759,5,3,2
16,16,0,1.27711502714618,5,3,2
16,17,0,2.16649150460825,5,3,2
17,1,1,6.5523495152277,5,3,2
17,2,1,5.00555119634716,5,3,2
17,3,1,5.61267712117994,5,3,2
17,4,1,6.466100253897,5,3,2
17,5,1,5.83829676671792,5,3,2
17,6,1,6.03141591862692,5,3,2
17,7,1,5.97872890557954,5,3,2
17,8,1,5.83183013743757,5,3,2
17,9,1,6.18806224574675,5,3,2
17,10,1,5.21697436892656,5,3,2
17,11,1,6.57555725317793,5,3,2
17,12,1,6.03602621712236,5,3,2
17,13,1,5.88386014579383,5,3,2
17,14,1,6.4805527719864,5,3,2
17,15,1,6.53397126387925,5,3,2
17,16,1,5.3337718768777,5,3,2
17,17,1,5.8019707852938,5,3,2
18,1,1,5.42736182687185,5,3,2
18,2,1,5.92342810064862,5,3,2
18,3,1,5.53733797883306,5,3,2
18,4,1,5.72580315121901,5,3,2
18,5,1,5.72170233476551,5,3,2
18,6,1,5.39913744606218,5,3,2
18,7,1,4.45179646593245,5,3,2
18,8,1,5.38942435581888,5,3,2
18,9,1,4.66592178271367,5,3,2
18,10,1,6.26702043130404,5,3,2
18,11,1,5.68497702322217,5,3,2
18,12,1,5.51766918364612,5,3,2
18,13,1,6.30778718441279,5,3,2
18,14,1,6.25903073778052,5,3,2
18,15,1,5.69221599365444,5,3,2
18,16,1,5.81988131581908,5,3,2
18,17,1,5.80382743933799,5,3,2
19,1,0,3.17083991204284,5,3,2
19,2,0,5.31978367768717,5,3,2
19,3,0,4.23385683864687,5,3,2
19,4,0,3.98417712150808,5,3,2
19,5,0,4.57286229807343,5,3,2
19,6,0,4.25227298629908,5,3,2
19,7,0,5.36797453333886,5,3,2
19,8,0,4.61345649598579,5,3,2
19,9,0,4.47591247704731,5,3,2
19,10,0,5.02271425558104,5,3,2
19,11,0,4.60932278720862,5,3,2
19,12,0,4.37752316291071,5,3,2
19,13,0,4.78736595670899,5,3,2
19,14,0,4.58087333457258,5,3,2
19,15,0,5.52300385553543,5,3,2
19,16,0,5.03244369561062,5,3,2
19,17,0,4.48378452596476,5,3,2
20,1,0,4.37275369834454,5,3,2
20,2,0,3.98738099383225,5,3,2
20,3,0,4.6207223024012,5,3,2
20,4,0,3.96742534674545,5,3,2
20,5,0,3.85564226557414,5,3,2
20,6,0,4.30000172016696,5,3,2
20,7,0,4.46735517549861,5,3,2
20,8,0,4.33506136969654,5,3,2
20,9,0,3.78479600866906,5,3,2
20,10,0,3.95306592265144,5,3,2
20,11,0,4.19960807733606,5,3,2
20,12,0,4.26077915993266,5,3,2
20,13,0,3.59324946633365,5,3,2
20,14,0,4.08539380609943,5,3,2
20,15,0,4.40255880711076,5,3,2
20,16,0,2.81896945953536,5,3,2
20,17,0,3.105382191663,5,3,2
21,1,0,4.61082153042211,5,3,2
21,2,0,3.75355809176701,5,3,2
21,3,0,4.73115311806891,5,3,2
21,4,0,5.08659147247814,5,3,2
21,5,0,4.41661576984397,5,3,2
21,6,0,5.04883032527453,5,3,2
21,7,0,4.77438273627334,5,3,2
21,8,0,5.23089690698879,5,3,2
21,9,0,4.89865604452894,5,3,2
21,10,0,4.63478378564439,5,3,2
21,11,0,4.26772887778048,5,3,2
21,12,0,3.83533450827592,5,3,2
21,13,0,5.14852641195885,5,3,2
21,14,0,4.59041088018738,5,3,2
21,15,0,4.0272776372735,5,3,2
21,16,0,4.41130814820304,5,3,2
21,17,0,4.02409427271713,5,3,2
22,1,0,7.3951835254634,5,3,2
22,2,0,7.3317002087744,5,3,2
22,3,0,7.94518284025037,5,3,2
22,4,0,6.90012154784928,5,3,2
22,5,0,7.69835928915203,5,3,2
22,6,0,7.32150276083554,5,3,2
22,7,0,6.33752344139401,5,3,2
22,8,0,7.42595195579023,5,3,2
22,9,0,7.14274722015101,5,3,2
22,10,0,7.52492120280745,5,3,2
22,11,0,8.20177680078443,5,3,2
22,12,0,7.79448134396561,5,3,2
22,13,0,7.44783861332941,5,3,2
22,14,0,7.45036367765943,5,3,2
22,15,0,7.09846529227432,5,3,2
22,16,0,5.55010440779629,5,3,2
22,17,0,7.13777615034224,5,3,2
23,1,1,8.20618846491124,5,3,2
23,2,1,8.07436661525922,5,3,2
23,3,1,8.57146646321838,5,3,2
23,4,1,8.8059336004291,5,3,2
23,5,1,8.46169722694324,5,3,2
23,6,1,8.01578051972961,5,3,2
23,7,1,8.05516792124766,5,3,2
23,8,1,8.87936297369134,5,3,2
23,9,1,7.42019673296549,5,3,2
23,10,1,8.00574596658474,5,3,2
23,11,1,8.58159860752459,5,3,2
23,12,1,7.92114850731825,5,3,2
23,13,1,7.55171086419762,5,3,2
23,14,1,8.1821470890939,5,3,2
23,15,1,7.92578459147364,5,3,2
23,16,1,8.09057485395769,5,3,2
23,17,1,8.20326208413378,5,3,2
24,1,0,5.05038746949979,5,3,2
24,2,0,5.56483748999256,5,3,2
24,3,0,4.67320320846953,5,3,2
24,4,0,5.47497483549728,5,3,2
24,5,0,5.96832054450221,5,3,2
24,6,0,5.9360710670995,5,3,2
24,7,0,4.87369459074332,5,3,2
24,8,0,4.77327904959863,5,3,2
24,9,0,4.53265862995722,5,3,2
24,10,0,6.10606498877234,5,3,2
24,11,0,4.5886090272121,5,3,2
24,12,0,4.24279007287633,5,3,2
24,13,0,5.70554947730896,5,3,2
24,14,0,4.67131477894184,5,3,2
24,15,0,4.99324549989903,5,3,2
24,16,0,5.39174406675547,5,3,2
24,17,0,4.76296060807157,5,3,2
25,1,0,-0.37620786251926,5,3,2
25,2,0,-0.657563695231001,5,3,2
25,3,0,-1.6620768599704,5,3,2
25,4,0,-0.296212781020769,5,3,2
25,5,0,-0.487166536204876,5,3,2
25,6,0,-1.34126830663729,5,3,2
25,7,0,-1.20885624783066,5,3,2
25,8,0,-1.20157151084981,5,3,2
25,9,0,-1.46420997535112,5,3,2
25,10,0,-0.321019568276942,5,3,2
25,11,0,-0.545493357653237,5,3,2
25,12,0,-1.55578419970486,5,3,2
25,13,0,-0.714826668909632,5,3,2
25,14,0,-0.180486519749468,5,3,2
25,15,0,-0.529144194064784,5,3,2
25,16,0,-0.50044376374209,5,3,2
25,17,0,-0.90058388486049,5,3,2
26,1,1,11.8714456739161,5,3,2
26,2,1,11.4299039083689,5,3,2
26,3,1,12.6456871767954,5,3,2
26,4,1,12.3482945290942,5,3,2
26,5,1,12.5286952334026,5,3,2
26,6,1,12.6997429650344,5,3,2
26,7,1,12.4042825569539,5,3,2
26,8,1,11.9819367343342,5,3,2
26,9,1,11.3496095685208,5,3,2
26,10,1,12.2390987434945,5,3,2
26,11,1,12.5540714549153,5,3,2
26,12,1,11.9224134462668,5,3,2
26,13,1,12.0048256935841,5,3,2
26,14,1,12.1855009186992,5,3,2
26,15,1,11.7640038617482,5,3,2
26,16,1,11.9786551754104,5,3,2
26,17,1,10.8687265787888,5,3,2
27,1,1,7.941799426589,5,3,2
27,2,1,8.38975398876777,5,3,2
27,3,1,9.23548574202102,5,3,2
27,4,1,8.25420210879254,5,3,2
27,5,1,8.07999519632752,5,3,2
27,6,1,8.77382355299796,5,3,2
27,7,1,7.25028452349688,5,3,2
27,8,1,8.3592836058686,5,3,2
27,9,1,7.94059492072166,5,3,2
27,10,1,8.35770201794853,5,3,2
27,11,1,7.36319362154489,5,3,2
27,12,1,8.22373238641433,5,3,2
27,13,1,7.87367854198375,5,3,2
27,14,1,8.28612906153544,5,3,2
27,15,1,7.98659257150185,5,3,2
27,16,1,8.0173503797695,5,3,2
27,17,1,7.81379880921056,5,3,2
28,1,1,8.47473605917655,5,3,2
28,2,1,7.92821448075295,5,3,2
28,3,1,7.98922624829017,5,3,2
28,4,1,8.52625411084041,5,3,2
28,5,1,8.37668356876893,5,3,2
28,6,1,8.09195110757755,5,3,2
28,7,1,7.63208257353663,5,3,2
28,8,1,7.56794376703417,5,3,2
28,9,1,8.52130192789584,5,3,2
28,10,1,8.39819629944428,5,3,2
28,11,1,7.11026567965469,5,3,2
28,12,1,7.89037963506788,5,3,2
28,13,1,8.44192842784573,5,3,2
28,14,1,7.8090330899688,5,3,2
28,15,1,7.05661097624825,5,3,2
28,16,1,7.87290648669975,5,3,2
28,17,1,8.24134450787424,5,3,2
29,1,0,5.66247304516147,5,3,2
29,2,0,5.9062764801385,5,3,2
29,3,0,5.01764867718483,5,3,2
29,4,0,5.67307474655151,5,3,2
29,5,0,5.30447281311554,5,3,2
29,6,0,5.44491552545002,5,3,2
29,7,0,5.60687581014119,5,3,2
29,8,0,5.9906426320558,5,3,2
29,9,0,4.9456659308638,5,3,2
29,10,0,6.46571325158192,5,3,2
29,11,0,5.36212078904801,5,3,2
29,12,0,4.88263571289012,5,3,2
29,13,0,6.5123195108896,5,3,2
29,14,0,6.48211787708465,5,3,2
29,15,0,5.35078448028493,5,3,2
29,16,0,5.41695586804544,5,3,2
29,17,0,6.02540744344788,5,3,2
30,1,0,1.5454765116192,5,3,2
30,2,0,2.15008105839354,5,3,2
30,3,0,1.59288512404955,5,3,2
30,4,0,1.93018555140139,5,3,2
30,5,0,2.10847567848848,5,3,2
30,6,0,1.81263841078739,5,3,2
30,7,0,1.73228157283078,5,3,2
30,8,0,1.35773900769629,5,3,2
30,9,0,1.51945640990686,5,3,2
30,10,0,2.62343485595645,5,3,2
30,11,0,2.64584795703109,5,3,2
30,12,0,2.67093053615621,5,3,2
30,13,0,1.34145306941893,5,3,2
30,14,0,2.01590363204668,5,3,2
30,15,0,1.96713781523862,5,3,2
30,16,0,1.66420874060386,5,3,2
30,17,0,2.04469819521457,5,3,2
31,1,0,6.12387625956906,5,3,2
31,2,0,5.71806819474779,5,3,2
31,3,0,6.4583865179186,5,3,2
31,4,0,5.96070862461026,5,3,2
31,5,0,5.99622123802228,5,3,2
31,6,0,6.57742515199252,5,3,2
31,7,0,5.66430108280478,5,3,2
31,8,0,5.25559194831293,5,3,2
31,9,0,5.91099319591946,5,3,2
31,10,0,6.71145340559691,5,3,2
31,11,0,5.80278896230602,5,3,2
31,12,0,6.20290706703331,5,3,2
31,13,0,6.52473545363757,5,3,2
31,14,0,6.10369945266284,5,3,2
31,15,0,5.38068264015234,5,3,2
31,16,0,7.09781378532846,5,3,2
31,17,0,6.12170158588144,5,3,2
32,1,0,4.74373621731569,5,3,2
32,2,0,3.24838904588141,5,3,2
32,3,0,3.40692748096703,5,3,2
32,4,0,3.81509606791813,5,3,2
32,5,0,3.39183015948976,5,3,2
32,6,0,3.37052827069234,5,3,2
32,7,0,2.09620547594648,5,3,2
32,8,0,3.97928756598629,5,3,2
32,9,0,3.83797871282927,5,3,2
32,10,0,3.46469233772618,5,3,2
32,11,0,3.16697710588832,5,3,2
32,12,0,4.59402697260985,5,3,2
32,13,0,3.83986355273463,5,3,2
32,14,0,3.40744578535518,5,3,2
32,15,0,3.45372711969571,5,3,2
32,16,0,3.75560035792518,5,3,2
32,17,0,3.23095659956693,5,3,2
33,1,0,3.56419077181197,5,3,2
33,2,0,3.28190516311898,5,3,2
33,3,0,3.52696100442639,5,3,2
33,4,0,3.23457422920967,5,3,2
33,5,0,3.49560595077882,5,3,2
33,6,0,3.35024499214465,5,3,2
33,7,0,3.99315894666388,5,3,2
33,8,0,3.56068056516608,5,3,2
33,9,0,3.76650841703496,5,3,2
33,10,0,3.6938813289785,5,3,2
33,11,0,3.71858443501543,5,3,2
33,12,0,3.06486250745349,5,3,2
33,13,0,4.04690963259195,5,3,2
33,14,0,3.57916063379552,5,3,2
33,15,0,3.12752999065868,5,3,2
33,16,0,3.85939999919847,5,3,2
33,17,0,3.01642885237587,5,3,2
34,1,0,1.84790719060476,5,3,2
34,2,0,1.63405985747835,5,3,2
34,3,0,0.324616407632925,5,3,2
34,4,0,1.48797941935786,5,3,2
34,5,0,1.05541945210229,5,3,2
34,6,0,0.530631703254577,5,3,2
34,7,0,2.06896182216565,5,3,2
34,8,0,1.14640480105069,5,3,2
34,9,0,1.50159514683907,5,3,2
34,10,0,1.23930941932552,5,3,2
34,11,0,1.55304160256592,5,3,2
34,12,0,0.805116312152346,5,3,2
34,13,0,1.09501537279504,5,3,2
34,14,0,1.50162648643881,5,3,2
34,15,0,0.51775033222364,5,3,2
34,16,0,1.2738565958902,5,3,2
34,17,0,1.27969866715668,5,3,2
35,1,1,5.02923974997131,5,3,2
35,2,1,4.62166094897903,5,3,2
35,3,1,3.63954443625585,5,3,2
35,4,1,4.19524244827729,5,3,2
35,5,1,4.44225433936601,5,3,2
35,6,1,4.11421240598483,5,3,2
35,7,1,4.29812643141734,5,3,2
35,8,1,4.26045931599225,5,3,2
35,9,1,4.77954307338592,5,3,2
35,10,1,3.75020223751919,5,3,2
35,11,1,4.14020983478511,5,3,2
35,12,1,5.00859441354953,5,3,2
35,13,1,4.32346772829677,5,3,2
35,14,1,3.79686890097991,5,3,2
35,15,1,4.15360232222276,5,3,2
35,16,1,4.11597414964075,5,3,2
35,17,1,3.98095528471365,5,3,2
36,1,0,7.82277978902493,5,3,2
36,2,0,8.00552190441589,5,3,2
36,3,0,7.86117291093975,5,3,2
36,4,0,8.56134313845469,5,3,2
36,5,0,7.61116662326295,5,3,2
36,6,0,7.29094907189682,5,3,2
36,7,0,6.89346404346987,5,3,2
36,8,0,7.74935941389228,5,3,2
36,9,0,7.26210067175551,5,3,2
36,10,0,7.21350772562275,5,3,2
36,11,0,7.49004752313152,5,3,2
36,12,0,8.88019584064923,5,3,2
36,13,0,7.30830171193206,5,3,2
36,14,0,8.05959600536019,5,3,2
36,15,0,7.7920130853046,5,3,2
36,16,0,7.48964872407435,5,3,2
36,17,0,7.30501442733326,5,3,2
37,1,1,10.6691164659583,5,3,2
37,2,1,9.53739758375453,5,3,2
37,3,1,9.85335104770454,5,3,2
37,4,1,10.1218574082118,5,3,2
37,5,1,10.0040580597412,5,3,2
37,6,1,10.7344233805036,5,3,2
37,7,1,10.5391274547973,5,3,2
37,8,1,10.6649347994523,5,3,2
37,9,1,10.0639329397039,5,3,2
37,10,1,10.0415321379214,5,3,2
37,11,1,9.58191583744453,5,3,2
37,12,1,10.5523345936761,5,3,2
37,13,1,10.0896743621974,5,3,2
37,14,1,10.2698696301595,5,3,2
37,15,1,10.2088343923473,5,3,2
37,16,1,10.7269467283471,5,3,2
37,17,1,10.6309045382846,5,3,2
38,1,1,8.43693694193191,5,3,2
38,2,1,7.56299015653202,5,3,2
38,3,1,7.53545925326697,5,3,2
38,4,1,7.09331036037493,5,3,2
38,5,1,9.52321546725659,5,3,2
38,6,1,9.43856664256088,5,3,2
38,7,1,7.81483110530266,5,3,2
38,8,1,8.99346090594864,5,3,2
38,9,1,8.63177485792448,5,3,2
38,10,1,8.70271122434869,5,3,2
38,11,1,8.50774794527838,5,3,2
38,12,1,8.60992688448988,5,3,2
38,13,1,7.67571938719357,5,3,2
38,14,1,8.91817288506666,5,3,2
38,15,1,7.94156733112477,5,3,2
38,16,1,8.34775589963712,5,3,2
38,17,1,7.73754138382614,5,3,2
39,1,0,3.15574483460677,5,3,2
39,2,0,3.0106994794699,5,3,2
39,3,0,2.18467744145626,5,3,2
39,4,0,2.5626833293157,5,3,2
39,5,0,3.84029925299179,5,3,2
39,6,0,2.94112101473071,5,3,2
39,7,0,2.90723937004971,5,3,2
39,8,0,2.84872556990602,5,3,2
39,9,0,4.06877304684627,5,3,2
39,10,0,2.62275038487777,5,3,2
39,11,0,2.91510539405632,5,3,2
39,12,0,3.10481285219478,5,3,2
39,13,0,3.04763136468288,5,3,2
39,14,0,3.5281953569384,5,3,2
39,15,0,3.29975397656836,5,3,2
39,16,0,4.1090187610786,5,3,2
39,17,0,3.25367333787825,5,3,2
40,1,0,4.33434073336787,5,3,2
40,2,0,4.74759873232035,5,3,2
40,3,0,4.14509687734503,5,3,2
40,4,0,4.55476313856452,5,3,2
40,5,0,3.91564567499951,5,3,2
40,6,0,3.50305646714479,5,3,2
40,7,0,3.92175136139142,5,3,2
40,8,0,5.02968398137133,5,3,2
40,9,0,3.98414382738592,5,3,2
40,10,0,4.18859900248204,5,3,2
40,11,0,4.30501886690812,5,3,2
40,12,0,4.57415334901487,5,3,2
40,13,0,2.99197214141604,5,3,2
40,14,0,4.24479553472913,5,3,2
40,15,0,3.85602002330888,5,3,2
40,16,0,5.03454863336066,5,3,2
40,17,0,4.22371167368178,5,3,2
41,1,1,9.9926351969875,5,3,2
41,2,1,10.3920238910368,5,3,2
41,3,1,9.68243168408392,5,3,2
41,4,1,9.90746591277622,5,3,2
41,5,1,9.58783916513745,5,3,2
41,6,1,10.7952912737755,5,3,2
41,7,1,10.3461250923091,5,3,2
41,8,1,10.0010830667477,5,3,2
41,9,1,9.65273912924349,5,3,2
41,10,1,10.0572288322235,5,3,2
41,11,1,10.4202336669448,5,3,2
41,12,1,10.4841473533392,5,3,2
41,13,1,9.46338040005717,5,3,2
41,14,1,9.14074170695565,5,3,2
41,15,1,9.6435284536994,5,3,2
41,16,1,10.3228304424014,5,3,2
41,17,1,10.2458655318894,5,3,2
42,1,1,7.27618757054549,5,3,2
42,2,1,6.85395009915261,5,3,2
42,3,1,7.89665910610791,5,3,2
42,4,1,7.64142503968127,5,3,2
42,5,1,7.90554337526625,5,3,2
42,6,1,7.83153173963725,5,3,2
42,7,1,7.99451758616705,5,3,2
42,8,1,7.19915229663544,5,3,2
42,9,1,8.35025710187842,5,3,2
42,10,1,7.22580717781513,5,3,2
42,11,1,8.09669519961579,5,3,2
42,12,1,8.17139208888219,5,3,2
42,13,1,8.17116402149792,5,3,2
42,14,1,7.82831875541368,5,3,2
42,15,1,8.0912205910409,5,3,2
42,16,1,6.9404786240663,5,3,2
42,17,1,6.58093936522358,5,3,2
43,1,1,6.16140465007328,5,3,2
43,2,1,6.24555468786748,5,3,2
43,3,1,5.78113431734632,5,3,2
43,4,1,6.13817424009756,5,3,2
43,5,1,5.5150873186593,5,3,2
43,6,1,5.16757339025972,5,3,2
43,7,1,5.7357050147617,5,3,2
43,8,1,6.10781478334697,5,3,2
43,9,1,5.2806638420608,5,3,2
43,10,1,6.00370862049728,5,3,2
43,11,1,6.18317685454251,5,3,2
43,12,1,5.62172960679993,5,3,2
43,13,1,5.75089135227492,5,3,2
43,14,1,5.88855024477365,5,3,2
43,15,1,5.35336797535822,5,3,2
43,16,1,6.09607094741527,5,3,2
43,17,1,5.75153461386516,5,3,2
44,1,1,8.39611823944221,5,3,2
44,2,1,9.1163361020051,5,3,2
44,3,1,7.63296572973112,5,3,2
44,4,1,8.1139732581859,5,3,2
44,5,1,7.78224521603233,5,3,2
44,6,1,8.03890574258993,5,3,2
44,7,1,8.33300707763489,5,3,2
44,8,1,8.15886448561946,5,3,2
44,9,1,8.41089379428654,5,3,2
44,10,1,8.62834879433327,5,3,2
44,11,1,7.83974126134437,5,3,2
44,12,1,8.30537938755223,5,3,2
44,13,1,8.05304209337453,5,3,2
44,14,1,8.59959626123932,5,3,2
44,15,1,7.8895555426141,5,3,2
44,16,1,8.7384933495512,5,3,2
44,17,1,8.3037483447595,5,3,2
45,1,1,9.0218744414241,5,3,2
45,2,1,10.6289819328033,5,3,2
45,3,1,9.9629480773731,5,3,2
45,4,1,9.27332971787423,5,3,2
45,5,1,9.75081899530014,5,3,2
45,6,1,10.0599076123419,5,3,2
45,7,1,8.78048426229616,5,3,2
45,8,1,9.84332941745271,5,3,2
45,9,1,9.72727425827957,5,3,2
45,10,1,9.64385290238123,5,3,2
45,11,1,10.3656883166255,5,3,2
45,12,1,10.1557160407305,5,3,2
45,13,1,9.60806460466643,5,3,2
45,14,1,10.0091498158375,5,3,2
45,15,1,9.25334052355027,5,3,2
45,16,1,8.65123030961626,5,3,2
45,17,1,9.5359712393558,5,3,2
46,1,1,7.35577480488501,5,3,2
46,2,1,7.52908532341839,5,3,2
46,3,1,7.81766611540566,5,3,2
46,4,1,7.18148819866336,5,3,2
46,5,1,7.59672888253447,5,3,2
46,6,1,7.6365490459905,5,3,2
46,7,1,8.00901349069222,5,3,2
46,8,1,7.22122179470356,5,3,2
46,9,1,7.92683554113354,5,3,2
46,10,1,8.08600909177154,5,3,2
46,11,1,6.64908199672224,5,3,2
46,12,1,7.61764963415985,5,3,2
46,13,1,7.32922878537139,5,3,2
46,14,1,8.06945218230113,5,3,2
46,15,1,7.77108856355582,5,3,2
46,16,1,6.78819968276427,5,3,2
46,17,1,7.13737589959622,5,3,2
47,1,1,3.10212694567864,5,3,2
47,2,1,2.12511894941054,5,3,2
47,3,1,2.63290510948375,5,3,2
47,4,1,3.86471379780496,5,3,2
47,5,1,3.39606204151884,5,3,2
47,6,1,3.36972335428858,5,3,2
47,7,1,3.52225356749806,5,3,2
47,8,1,3.41026424884592,5,3,2
47,9,1,4.36135684782485,5,3,2
47,10,1,3.27023556165298,5,3,2
47,11,1,3.64412422460928,5,3,2
47,12,1,3.84074157180048,5,3,2
47,13,1,3.42533841367686,5,3,2
47,14,1,4.93658427742347,5,3,2
47,15,1,3.72672527632578,5,3,2
47,16,1,2.36590125290066,5,3,2
47,17,1,1.7655681044826,5,3,2
48,1,0,10.0403167503824,5,3,2
48,2,0,9.04596589190879,5,3,2
48,3,0,10.1241440394937,5,3,2
48,4,0,9.35529692968031,5,3,2
48,5,0,10.0434488159402,5,3,2
48,6,0,9.42576664533293,5,3,2
48,7,0,9.84424691362944,5,3,2
48,8,0,9.73347795841422,5,3,2
48,9,0,9.59118928997188,5,3,2
48,10,0,9.08812627039184,5,3,2
48,11,0,10.1891503318628,5,3,2
48,12,0,9.66947950416578,5,3,2
48,13,0,10.3034835761485,5,3,2
48,14,0,8.59629643793128,5,3,2
48,15,0,9.55866750174112,5,3,2
48,16,0,9.69429223635971,5,3,2
48,17,0,9.52044395132531,5,3,2
49,1,0,2.53859730242811,5,3,2
49,2,0,2.56264781270006,5,3,2
49,3,0,2.40405962589531,5,3,2
49,4,0,2.89662539245163,5,3,2
49,5,0,2.74525122511927,5,3,2
49,6,0,2.63524783721944,5,3,2
49,7,0,1.7908307990063,5,3,2
49,8,0,2.76532834219953,5,3,2
49,9,0,2.16115803715619,5,3,2
49,10,0,3.45344534568106,5,3,2
49,11,0,2.07045452744984,5,3,2
49,12,0,1.89521329599003,5,3,2
49,13,0,2.59155741250988,5,3,2
49,14,0,2.20420924397622,5,3,2
49,15,0,2.53532686102524,5,3,2
49,16,0,2.26593534729786,5,3,2
49,17,0,1.88791288577514,5,3,2
50,1,1,11.7677657115384,5,3,2
50,2,1,10.4426861681652,5,3,2
50,3,1,11.6251680617447,5,3,2
50,4,1,11.603709637358,5,3,2
50,5,1,11.4331372414065,5,3,2
50,6,1,10.7841848624813,5,3,2
50,7,1,10.4544728521177,5,3,2
50,8,1,12.2868722617819,5,3,2
50,9,1,11.7165255588832,5,3,2
50,10,1,11.4202200193374,5,3,2
50,11,1,11.9475773439623,5,3,2
50,12,1,10.8444674776412,5,3,2
50,13,1,11.3545230753659,5,3,2
50,14,1,10.7341503458637,5,3,2
50,15,1,10.76281122773,5,3,2
50,16,1,10.9545485792707,5,3,2
50,17,1,11.5790263998177,5,3,2
51,1,0,4.42714431248718,5,3,2
51,2,0,4.64282828943366,5,3,2
51,3,0,4.16377049325788,5,3,2
51,4,0,5.8729644426789,5,3,2
51,5,0,4.489512694712,5,3,2
51,6,0,5.65239261713602,5,3,2
51,7,0,5.84773046579206,5,3,2
51,8,0,5.09466163713721,5,3,2
51,9,0,4.9642265253818,5,3,2
51,10,0,5.75507023654968,5,3,2
51,11,0,5.13141776147724,5,3,2
51,12,0,4.8320515331393,5,3,2
51,13,0,5.59033550852747,5,3,2
51,14,0,5.38814013911771,5,3,2
51,15,0,5.35926572387593,5,3,2
51,16,0,4.32866687758511,5,3,2
51,17,0,5.08075267145262,5,3,2
52,1,0,5.95300451399226,5,3,2
52,2,0,5.87259800288837,5,3,2
52,3,0,4.93581874841574,5,3,2
52,4,0,5.63156922718488,5,3,2
52,5,0,4.54094993062744,5,3,2
52,6,0,5.05462516479511,5,3,2
52,7,0,5.05833687138105,5,3,2
52,8,0,5.95202199663151,5,3,2
52,9,0,5.62713882785448,5,3,2
52,10,0,5.30808451206195,5,3,2
52,11,0,5.88532997531254,5,3,2
52,12,0,5.84786556652483,5,3,2
52,13,0,4.06804442520689,5,3,2
52,14,0,4.51584278553947,5,3,2
52,15,0,4.82942625256219,5,3,2
52,16,0,4.61199223309933,5,3,2
52,17,0,5.74201000073797,5,3,2
53,1,1,6.85998579179799,5,3,2
53,2,1,6.94463469144867,5,3,2
53,3,1,7.37514811653231,5,3,2
53,4,1,7.25012174196435,5,3,2
53,5,1,6.83880753942214,5,3,2
53,6,1,7.21508768651235,5,3,2
53,7,1,8.29456201591066,5,3,2
53,8,1,6.92192402981847,5,3,2
53,9,1,7.9043126370885,5,3,2
53,10,1,7.02628206841795,5,3,2
53,11,1,6.82125481432584,5,3,2
53,12,1,7.40869361231662,5,3,2
53,13,1,7.0822560593469,5,3,2
53,14,1,7.13716361337223,5,3,2
53,15,1,7.51123349637756,5,3,2
53,16,1,6.63214274846914,5,3,2
53,17,1,6.94861973122767,5,3,2
54,1,0,5.80605421985647,5,3,2
54,2,0,4.74426410967734,5,3,2
54,3,0,5.47540007174036,5,3,2
54,4,0,4.14367552950694,5,3,2
54,5,0,5.26298360511422,5,3,2
54,6,0,5.18343408343124,5,3,2
54,7,0,5.70415999983684,5,3,2
54,8,0,4.62393493256729,5,3,2
54,9,0,5.12048364968794,5,3,2
54,10,0,5.13866422202038,5,3,2
54,11,0,5.6145968206183,5,3,2
54,12,0,5.43778389621065,5,3,2
54,13,0,4.96227085360942,5,3,2
54,14,0,5.25036498334803,5,3,2
54,15,0,5.54946987319179,5,3,2
54,16,0,5.36208563338921,5,3,2
54,17,0,5.07923253366285,5,3,2
55,1,0,5.295028529487,5,3,2
55,2,0,4.81125264539719,5,3,2
55,3,0,5.55109045948404,5,3,2
55,4,0,4.68695324816285,5,3,2
55,5,0,5.00900840688892,5,3,2
55,6,0,4.90820042740737,5,3,2
55,7,0,4.70622074823822,5,3,2
55,8,0,4.89343984881677,5,3,2
55,9,0,4.35439770715372,5,3,2
55,10,0,4.14204731705179,5,3,2
55,11,0,5.13425817462443,5,3,2
55,12,0,5.11852136626649,5,3,2
55,13,0,4.06261072061613,5,3,2
55,14,0,5.19956574598799,5,3,2
55,15,0,5.52919729121385,5,3,2
55,16,0,4.61088324644478,5,3,2
55,17,0,5.12064294669423,5,3,2
