"G","R","X","Y","alpha","beta","gamma"
1,1,1,6.04037936803721,5,3,2
1,2,1,6.29240610908989,5,3,2
1,3,1,5.96351606584678,5,3,2
1,4,1,4.95884423068162,5,3,2
1,5,1,5.76828820826122,5,3,2
1,6,1,6.86333589011545,5,3,2
1,7,1,6.15384296032012,5,3,2
2,1,0,1.53702928086837,5,3,2
2,2,0,1.82503527897138,5,3,2
2,3,0,2.46148762526167,5,3,2
2,4,0,2.86210203216853,5,3,2
2,5,0,1.51517962828967,5,3,2
2,6,0,1.48716337513934,5,3,2
2,7,0,2.59106549704217,5,3,2
3,1,0,5.9339079021824,5,3,2
3,2,0,6.28896009213897,5,3,2
3,3,0,5.9717413095772,5,3,2
3,4,0,6.48498323544951,5,3,2
3,5,0,5.8920700853136,5,3,2
3,6,0,6.391937456597,5,3,2
3,7,0,6.42205105094167,5,3,2
4,1,0,1.93717696858638,5,3,2
4,2,0,2.00959240156548,5,3,2
4,3,0,2.12323906089675,5,3,2
4,4,0,3.4738135361927,5,3,2
4,5,0,2.56345019578399,5,3,2
4,6,0,2.48016242286009,5,3,2
4,7,0,1.74183735909706,5,3,2
5,1,0,5.79064512889494,5,3,2
5,2,0,6.09245330637915,5,3,2
5,3,0,6.86850320108606,5,3,2
5,4,0,7.32660795600079,5,3,2
5,5,0,6.42562464119811,5,3,2
5,6,0,6.34090517417002,5,3,2
5,7,0,6.07251322878308,5,3,2
6,1,1,6.08152829602235,5,3,2
6,2,1,4.90520859635091,5,3,2
6,3,1,4.47499782867932,5,3,2
6,4,1,5.15399258321257,5,3,2
6,5,1,4.81192010077967,5,3,2
6,6,1,5.81521365490436,5,3,2
6,7,1,4.4488827569926,5,3,2
7,1,0,5.45480290786853,5,3,2
7,2,0,5.68054383512185,5,3,2
7,3,0,5.56329110271281,5,3,2
7,4,0,5.16821415031885,5,3,2
7,5,0,4.98778530935829,5,3,2
7,6,0,5.13338329541139,5,3,2
7,7,0,5.34625673671715,5,3,2
8,1,1,4.05679201779212,5,3,2
8,2,1,4.57586771222874,5,3,2
8,3,1,4.95997969616959,5,3,2
8,4,1,4.98417783850527,5,3,2
8,5,1,4.4649268849647,5,3,2
8,6,1,4.9812639515801,5,3,2
8,7,1,4.98317865771003,5,3,2
9,1,0,6.77948802789155,5,3,2
9,2,0,6.85999221768354,5,3,2
9,3,0,7.376332539349,5,3,2
9,4,0,6.34368896491495,5,3,2
9,5,0,6.89554680184446,5,3,2
9,6,0,6.75704785069976,5,3,2
9,7,0,6.75028992398898,5,3,2
10,1,1,6.65195191423787,5,3,2
10,2,1,6.10416662320587,5,3,2
10,3,1,5.67286221780552,5,3,2
10,4,1,6.83539776923759,5,3,2
10,5,1,6.66040381525063,5,3,2
10,6,1,6.84569007122585,5,3,2
10,7,1,6.80616000527065,5,3,2
11,1,1,9.2601745660406,5,3,2
11,2,1,9.68085989345919,5,3,2
11,3,1,9.19201239976749,5,3,2
11,4,1,9.16446094111809,5,3,2
11,5,1,9.3370985514534,5,3,2
11,6,1,9.51681834823228,5,3,2
11,7,1,8.92962833157209,5,3,2
12,1,0,4.54831025099396,5,3,2
12,2,0,5.41601315845467,5,3,2
12,3,0,5.10016739794833,5,3,2
12,4,0,5.0023879624241,5,3,2
12,5,0,4.0905960466503,5,3,2
12,6,0,5.53099285711998,5,3,2
12,7,0,5.25801393369849,5,3,2
13,1,1,6.38200552600766,5,3,2
13,2,1,5.84563856601568,5,3,2
13,3,1,7.95855771394227,5,3,2
13,4,1,5.53059803925552,5,3,2
13,5,1,6.81708388182189,5,3,2
13,6,1,5.79294766426629,5,3,2
13,7,1,5.3723122838032,5,3,2
14,1,0,4.20238942235737,5,3,2
14,2,0,3.50866348493455,5,3,2
14,3,0,3.96557289729104,5,3,2
14,4,0,3.91589390956138,5,3,2
14,5,0,4.13556296377039,5,3,2
14,6,0,4.31266017415431,5,3,2
14,7,0,3.73659609911374,5,3,2
15,1,0,7.14292332716436,5,3,2
15,2,0,7.33511307056974,5,3,2
15,3,0,7.76197567642708,5,3,2
15,4,0,6.23769889473617,5,3,2
15,5,0,7.32538213292874,5,3,2
15,6,0,6.00046316921758,5,3,2
15,7,0,6.50881095798368,5,3,2
16,1,0,3.31263753103146,5,3,2
16,2,0,1.33991255740364,5,3,2
16,3,0,3.31178871032333,5,3,2
16,4,0,2.40063682534907,5,3,2
16,5,0,2.18950491238373,5,3,2
16,6,0,1.75194543141163,5,3,2
16,7,0,3.58238990603601,5,3,2
17,1,0,2.09813569414988,5,3,2
17,2,0,2.67597528012773,5,3,2
17,3,0,2.23253258094104,5,3,2
17,4,0,2.343670289245,5,3,2
17,5,0,3.19106193020451,5,3,2
17,6,0,3.0774774852707,5,3,2
17,7,0,1.79284678822336,5,3,2
18,1,1,6.91123164915152,5,3,2
18,2,1,7.83740538488655,5,3,2
18,3,1,7.64922539641268,5,3,2
18,4,1,6.97921653602507,5,3,2
18,5,1,7.05267877588152,5,3,2
18,6,1,7.36788080210753,5,3,2
18,7,1,7.48339601922544,5,3,2
19,1,0,1.91884298728685,5,3,2
19,2,0,1.81609706170702,5,3,2
19,3,0,2.56429051344506,5,3,2
19,4,0,2.15740232261076,5,3,2
19,5,0,3.11905611808909,5,3,2
19,6,0,2.11659605304016,5,3,2
19,7,0,2.00803918291381,5,3,2
20,1,1,7.78766675677714,5,3,2
20,2,1,8.05766745483178,5,3,2
20,3,1,8.03590873736636,5,3,2
20,4,1,8.0388494523242,5,3,2
20,5,1,8.80203485115915,5,3,2
20,6,1,7.63845606898961,5,3,2
20,7,1,7.67910304380604,5,3,2
21,1,1,8.28121092657292,5,3,2
21,2,1,8.01497861555016,5,3,2
21,3,1,8.36253561196852,5,3,2
21,4,1,8.21724740199369,5,3,2
21,5,1,8.57729332641021,5,3,2
21,6,1,7.3949596484398,5,3,2
21,7,1,7.36578457912914,5,3,2
22,1,1,11.4393797461408,5,3,2
22,2,1,11.5131383232327,5,3,2
22,3,1,11.5933263582723,5,3,2
22,4,1,11.1932116465513,5,3,2
22,5,1,11.7975493005779,5,3,2
22,6,1,11.4065154781377,5,3,2
22,7,1,11.8175870194239,5,3,2
23,1,0,0.755043075184645,5,3,2
23,2,0,-0.0136990861213105,5,3,2
23,3,0,1.20987765482789,5,3,2
23,4,0,0.75156182827525,5,3,2
23,5,0,1.92269103544749,5,3,2
23,6,0,0.186407459150627,5,3,2
23,7,0,0.210551682691615,5,3,2
24,1,0,1.09444113981498,5,3,2
24,2,0,0.467281535586034,5,3,2
24,3,0,1.11028416060553,5,3,2
24,4,0,0.827435560431535,5,3,2
24,5,0,-0.375878802710942,5,3,2
24,6,0,0.210345371890667,5,3,2
24,7,0,0.00316270753255266,5,3,2
25,1,1,10.5623312013213,5,3,2
25,2,1,10.1676119101868,5,3,2
25,3,1,10.9605672194147,5,3,2
25,4,1,10.7303092384783,5,3,2
25,5,1,10.7186925784019,5,3,2
25,6,1,10.0792002742718,5,3,2
25,7,1,10.1806601700936,5,3,2
26,1,0,9.07810481354699,5,3,2
26,2,0,8.7492424357645,5,3,2
26,3,0,8.64677106448733,5,3,2
26,4,0,9.1198519430856,5,3,2
26,5,0,8.82846654970463,5,3,2
26,6,0,8.98956099593371,5,3,2
26,7,0,7.89323858525661,5,3,2
27,1,1,7.41563288125225,5,3,2
27,2,1,6.9000757903896,5,3,2
27,3,1,7.63163050504969,5,3,2
27,4,1,6.91874433541979,5,3,2
27,5,1,6.80809645689552,5,3,2
27,6,1,6.5036474072845,5,3,2
27,7,1,6.55305647203429,5,3,2
28,1,0,6.59578575055891,5,3,2
28,2,0,6.54212043082225,5,3,2
28,3,0,6.64720375552118,5,3,2
28,4,0,7.05588649492605,5,3,2
28,5,0,6.50496505176243,5,3,2
28,6,0,7.04133797903601,5,3,2
28,7,0,6.89384044013203,5,3,2
29,1,1,9.16274284884455,5,3,2
29,2,1,9.06023338108954,5,3,2
29,3,1,9.1097432626025,5,3,2
29,4,1,9.14540135689072,5,3,2
29,5,1,9.4193824717034,5,3,2
29,6,1,9.10322888198882,5,3,2
29,7,1,9.82748131004262,5,3,2
30,1,1,11.2791171220533,5,3,2
30,2,1,10.0903495371323,5,3,2
30,3,1,11.5417363080974,5,3,2
30,4,1,10.4065407048515,5,3,2
30,5,1,11.9435579920701,5,3,2
30,6,1,11.2317639900643,5,3,2
30,7,1,10.968418096167,5,3,2
31,1,0,7.67708778478454,5,3,2
31,2,0,7.70811953706923,5,3,2
31,3,0,9.30595208687538,5,3,2
31,4,0,8.482972269384,5,3,2
31,5,0,8.97254489934572,5,3,2
31,6,0,7.29343810787285,5,3,2
31,7,0,7.91883527024558,5,3,2
32,1,0,5.10042772792528,5,3,2
32,2,0,4.36578117908848,5,3,2
32,3,0,4.79948006187296,5,3,2
32,4,0,4.43386586530221,5,3,2
32,5,0,4.23568059776417,5,3,2
32,6,0,4.68865122412031,5,3,2
32,7,0,5.57363808443575,5,3,2
33,1,1,9.54136699189197,5,3,2
33,2,1,9.46569090370184,5,3,2
33,3,1,8.81403262735282,5,3,2
33,4,1,9.3337451844735,5,3,2
33,5,1,9.13625648500042,5,3,2
33,6,1,8.88374710606023,5,3,2
33,7,1,8.06556516693532,5,3,2
34,1,1,8.01721278924864,5,3,2
34,2,1,7.1975664583512,5,3,2
34,3,1,6.82824464533854,5,3,2
34,4,1,6.89107183280496,5,3,2
34,5,1,7.41736185530323,5,3,2
34,6,1,7.01897135792899,5,3,2
34,7,1,6.83581721096299,5,3,2
35,1,0,6.5751888734439,5,3,2
35,2,0,8.12494450909869,5,3,2
35,3,0,7.40909811984089,5,3,2
35,4,0,7.36338694139551,5,3,2
35,5,0,6.28846015080902,5,3,2
35,6,0,7.27564242488623,5,3,2
35,7,0,6.37909132846401,5,3,2
36,1,0,2.9362726393914,5,3,2
36,2,0,2.77703603863378,5,3,2
36,3,0,3.36558976865395,5,3,2
36,4,0,2.45932173067127,5,3,2
36,5,0,2.66395492078413,5,3,2
36,6,0,2.52017574416745,5,3,2
36,7,0,1.7363879124374,5,3,2
37,1,0,6.44381901137765,5,3,2
37,2,0,4.63217293104894,5,3,2
37,3,0,5.49658999391803,5,3,2
37,4,0,5.53616553819133,5,3,2
37,5,0,5.58786201935291,5,3,2
37,6,0,4.4612316303307,5,3,2
37,7,0,4.24377767932367,5,3,2
38,1,0,3.7760851780623,5,3,2
38,2,0,3.7521682244606,5,3,2
38,3,0,3.75012925451143,5,3,2
38,4,0,4.03225257854742,5,3,2
38,5,0,3.743218293409,5,3,2
38,6,0,3.5323572550725,5,3,2
38,7,0,4.21451118466549,5,3,2
39,1,0,4.76726225984469,5,3,2
39,2,0,5.4007222644314,5,3,2
39,3,0,5.20171861937257,5,3,2
39,4,0,4.33558389458222,5,3,2
39,5,0,5.5006298238986,5,3,2
39,6,0,4.49829524756337,5,3,2
39,7,0,5.35898003448624,5,3,2
40,1,0,5.81513809467498,5,3,2
40,2,0,4.63908118158241,5,3,2
40,3,0,4.53976195640745,5,3,2
40,4,0,5.56428022981113,5,3,2
40,5,0,4.77811414996952,5,3,2
40,6,0,5.9256754180769,5,3,2
40,7,0,6.19141260213288,5,3,2
41,1,1,12.6254219343909,5,3,2
41,2,1,13.1154005378683,5,3,2
41,3,1,12.6290670408288,5,3,2
41,4,1,12.5816868503404,5,3,2
41,5,1,13.0803503730944,5,3,2
41,6,1,11.6781820180939,5,3,2
41,7,1,12.3340196621476,5,3,2
42,1,0,3.57084050309675,5,3,2
42,2,0,3.99450527135403,5,3,2
42,3,0,3.16329763739409,5,3,2
42,4,0,4.03914227779804,5,3,2
42,5,0,3.65183581834286,5,3,2
42,6,0,3.80010889225443,5,3,2
42,7,0,4.09768700973185,5,3,2
43,1,0,-0.0961945548132119,5,3,2
43,2,0,0.0699242315182553,5,3,2
43,3,0,-0.606322286171419,5,3,2
43,4,0,0.155781782254928,5,3,2
43,5,0,-0.664389083456666,5,3,2
43,6,0,-0.73455478456997,5,3,2
43,7,0,-0.503364919048333,5,3,2
44,1,1,4.55039086903424,5,3,2
44,2,1,3.21790615427521,5,3,2
44,3,1,4.01601105390249,5,3,2
44,4,1,5.02880919425916,5,3,2
44,5,1,3.9307226952632,5,3,2
44,6,1,4.08164396912152,5,3,2
44,7,1,4.26136177633227,5,3,2
45,1,0,4.46760109946169,5,3,2
45,2,0,4.32022853867593,5,3,2
45,3,0,4.84529031502755,5,3,2
45,4,0,4.75346675279296,5,3,2
45,5,0,4.14545423823759,5,3,2
45,6,0,5.06694227454226,5,3,2
45,7,0,4.20020127516015,5,3,2
46,1,0,5.01326358413277,5,3,2
46,2,0,4.60731608772892,5,3,2
46,3,0,4.74128340236099,5,3,2
46,4,0,4.26975512882685,5,3,2
46,5,0,5.20879760902185,5,3,2
46,6,0,5.25946827414228,5,3,2
46,7,0,4.82862204646859,5,3,2
47,1,1,7.02421928040961,5,3,2
47,2,1,7.05985406519835,5,3,2
47,3,1,7.15708371107058,5,3,2
47,4,1,7.23853281525281,5,3,2
47,5,1,6.88316259158191,5,3,2
47,6,1,6.56281505062077,5,3,2
47,7,1,7.0970114029384,5,3,2
48,1,1,8.1070479413966,5,3,2
48,2,1,7.29238755255512,5,3,2
48,3,1,7.70918801707819,5,3,2
48,4,1,7.94760810383358,5,3,2
48,5,1,8.50655010441994,5,3,2
48,6,1,7.49964218701396,5,3,2
48,7,1,7.12222424126671,5,3,2
49,1,0,3.84894083549373,5,3,2
49,2,0,3.48937599447222,5,3,2
49,3,0,3.92143604967243,5,3,2
49,4,0,2.99162592571435,5,3,2
49,5,0,4.00781516007463,5,3,2
49,6,0,3.88971364088155,5,3,2
49,7,0,4.27390007285651,5,3,2
50,1,1,4.19330338413507,5,3,2
50,2,1,3.43345458398476,5,3,2
50,3,1,3.82823746197588,5,3,2
50,4,1,3.44067187207946,5,3,2
50,5,1,4.00618237474206,5,3,2
50,6,1,3.161136164587,5,3,2
50,7,1,4.79069521138316,5,3,2
51,1,1,8.15683355608126,5,3,2
51,2,1,8.84973180894945,5,3,2
51,3,1,8.24409064628207,5,3,2
51,4,1,7.72671916842171,5,3,2
51,5,1,8.7977429952833,5,3,2
51,6,1,8.85034646164968,5,3,2
51,7,1,8.96524525942562,5,3,2
52,1,0,6.92443167178107,5,3,2
52,2,0,6.09895389662419,5,3,2
52,3,0,6.77932473877937,5,3,2
52,4,0,5.87423236918103,5,3,2
52,5,0,6.29848015210611,5,3,2
52,6,0,6.80897880157527,5,3,2
52,7,0,5.99652602007936,5,3,2
53,1,0,7.38651885792028,5,3,2
53,2,0,7.22399510281481,5,3,2
53,3,0,7.83848173942325,5,3,2
53,4,0,7.43710220798928,5,3,2
53,5,0,7.31630302693935,5,3,2
53,6,0,6.97213921572085,5,3,2
53,7,0,7.82135336748578,5,3,2
54,1,1,11.6675109318495,5,3,2
54,2,1,11.5278901249791,5,3,2
54,3,1,10.961782696549,5,3,2
54,4,1,11.0242754957585,5,3,2
54,5,1,11.2527915754437,5,3,2
54,6,1,11.3814545452225,5,3,2
54,7,1,11.4009762043371,5,3,2
55,1,1,4.28954064057301,5,3,2
55,2,1,3.6303663852024,5,3,2
55,3,1,4.70086473841658,5,3,2
55,4,1,4.35210172126244,5,3,2
55,5,1,4.20480426175688,5,3,2
55,6,1,4.81436686987502,5,3,2
55,7,1,5.16145819511526,5,3,2
56,1,0,3.63992308341939,5,3,2
56,2,0,4.17529770536318,5,3,2
56,3,0,3.78817461962452,5,3,2
56,4,0,3.71966712514916,5,3,2
56,5,0,3.93805051831707,5,3,2
56,6,0,4.05419418425297,5,3,2
56,7,0,4.29815208249615,5,3,2
57,1,1,7.75182425325769,5,3,2
57,2,1,8.48241510181701,5,3,2
57,3,1,8.55613361275469,5,3,2
57,4,1,8.68079478017853,5,3,2
57,5,1,8.73181013283668,5,3,2
57,6,1,8.01860528593923,5,3,2
57,7,1,7.6223169652182,5,3,2
58,1,1,2.26124222338927,5,3,2
58,2,1,3.200707714528,5,3,2
58,3,1,2.64428734463225,5,3,2
58,4,1,3.19893197795061,5,3,2
58,5,1,2.87931295922701,5,3,2
58,6,1,3.72170705647751,5,3,2
58,7,1,2.90125153779295,5,3,2
59,1,0,7.00214074672852,5,3,2
59,2,0,7.10563012237603,5,3,2
59,3,0,6.83002316395639,5,3,2
59,4,0,6.96560428232022,5,3,2
59,5,0,6.01507036994467,5,3,2
59,6,0,7.15975134030119,5,3,2
59,7,0,6.63037263208939,5,3,2
60,1,1,3.32522562967827,5,3,2
60,2,1,3.51014916949165,5,3,2
60,3,1,2.69474280314876,5,3,2
60,4,1,3.1856766049367,5,3,2
60,5,1,3.31018111156449,5,3,2
60,6,1,3.70040173964505,5,3,2
60,7,1,3.05011066269581,5,3,2
61,1,1,10.441646752839,5,3,2
61,2,1,9.69817207699344,5,3,2
61,3,1,8.60399508163616,5,3,2
61,4,1,9.62491804248479,5,3,2
61,5,1,9.8625365900765,5,3,2
61,6,1,9.35422382406238,5,3,2
61,7,1,9.36340182454967,5,3,2
62,1,1,4.06640304077765,5,3,2
62,2,1,3.39564172298611,5,3,2
62,3,1,2.96459721751616,5,3,2
62,4,1,3.28475838813862,5,3,2
62,5,1,3.99592441434765,5,3,2
62,6,1,4.07686465168544,5,3,2
62,7,1,3.6903946559244,5,3,2
63,1,1,7.33289349821629,5,3,2
63,2,1,7.12509198099611,5,3,2
63,3,1,7.01061390753971,5,3,2
63,4,1,6.40467416330201,5,3,2
63,5,1,6.69442458827084,5,3,2
63,6,1,7.32232803368105,5,3,2
63,7,1,6.26493006986554,5,3,2
64,1,0,6.07285001473635,5,3,2
64,2,0,6.18653327320412,5,3,2
64,3,0,6.28830005073614,5,3,2
64,4,0,6.05482421065814,5,3,2
64,5,0,6.42746696939701,5,3,2
64,6,0,6.91629404929703,5,3,2
64,7,0,6.76971497888973,5,3,2
65,1,1,10.2505618341523,5,3,2
65,2,1,9.95074877105522,5,3,2
65,3,1,9.43358836204916,5,3,2
65,4,1,9.8054242818409,5,3,2
65,5,1,8.93184491586473,5,3,2
65,6,1,9.15846896852914,5,3,2
65,7,1,9.94985466739522,5,3,2
66,1,1,7.41481718867758,5,3,2
66,2,1,7.11226446365829,5,3,2
66,3,1,6.80369943899948,5,3,2
66,4,1,6.74307061428715,5,3,2
66,5,1,6.4401140256255,5,3,2
66,6,1,7.01748864662921,5,3,2
66,7,1,6.72890664786407,5,3,2
67,1,1,7.12206537146048,5,3,2
67,2,1,7.41614106239143,5,3,2
67,3,1,6.37539483040733,5,3,2
67,4,1,6.22698389246075,5,3,2
67,5,1,7.6483824711592,5,3,2
67,6,1,7.2011439053886,5,3,2
67,7,1,6.47054396105526,5,3,2
68,1,0,3.44337158790587,5,3,2
68,2,0,4.47557347292734,5,3,2
68,3,0,4.51665593658022,5,3,2
68,4,0,5.11480250389902,5,3,2
68,5,0,4.73321269738973,5,3,2
68,6,0,5.13363486415084,5,3,2
68,7,0,4.15080506242336,5,3,2
69,1,0,6.7860569494024,5,3,2
69,2,0,7.75976293598938,5,3,2
69,3,0,7.18526528957802,5,3,2
69,4,0,7.89894259226297,5,3,2
69,5,0,7.37465128215657,5,3,2
69,6,0,7.89120973229347,5,3,2
69,7,0,8.23608583296075,5,3,2
70,1,0,3.01607698858719,5,3,2
70,2,0,3.64608024525952,5,3,2
70,3,0,3.26148576519978,5,3,2
70,4,0,3.49017212180453,5,3,2
70,5,0,2.86703702754499,5,3,2
70,6,0,2.61896191643122,5,3,2
70,7,0,2.57065429362763,5,3,2
71,1,1,9.72825418022668,5,3,2
71,2,1,10.2975468044977,5,3,2
71,3,1,9.61926635499053,5,3,2
71,4,1,10.0826620115724,5,3,2
71,5,1,10.6832561497776,5,3,2
71,6,1,10.717432254913,5,3,2
71,7,1,9.92574639266295,5,3,2
72,1,0,4.69675775981548,5,3,2
72,2,0,5.32894295540155,5,3,2
72,3,0,4.2376322966554,5,3,2
72,4,0,3.89640159149942,5,3,2
72,5,0,5.10938414439705,5,3,2
72,6,0,4.18373838927312,5,3,2
72,7,0,4.5735799397276,5,3,2
73,1,1,9.40772557490899,5,3,2
73,2,1,9.45692332232453,5,3,2
73,3,1,9.99680363571265,5,3,2
73,4,1,10.3801551685337,5,3,2
73,5,1,10.20940155903,5,3,2
73,6,1,9.49304713825163,5,3,2
73,7,1,9.7698653950974,5,3,2
74,1,1,4.38972924991505,5,3,2
74,2,1,5.6572574340454,5,3,2
74,3,1,5.15611523515755,5,3,2
74,4,1,4.80595918004272,5,3,2
74,5,1,4.28637467767,5,3,2
74,6,1,5.60057901654311,5,3,2
74,7,1,6.15830459398797,5,3,2
75,1,1,7.79221400489935,5,3,2
75,2,1,8.21553561642966,5,3,2
75,3,1,8.08992218241277,5,3,2
75,4,1,7.28866866788963,5,3,2
75,5,1,7.78551090289937,5,3,2
75,6,1,8.1810068970546,5,3,2
75,7,1,7.47464062783758,5,3,2
76,1,1,4.10347058019203,5,3,2
76,2,1,3.9316560200135,5,3,2
76,3,1,4.34349204889696,5,3,2
76,4,1,3.40254566613281,5,3,2
76,5,1,2.59291288742095,5,3,2
76,6,1,3.79598596627804,5,3,2
76,7,1,3.28513653036712,5,3,2
77,1,1,4.62504115904934,5,3,2
77,2,1,4.10507351757357,5,3,2
77,3,1,5.21894321214535,5,3,2
77,4,1,5.10455959469241,5,3,2
77,5,1,4.97966829295652,5,3,2
77,6,1,3.57161306948539,5,3,2
77,7,1,4.88547423168456,5,3,2
78,1,1,5.8711847661215,5,3,2
78,2,1,5.96798887063224,5,3,2
78,3,1,5.74910836819297,5,3,2
78,4,1,5.70553990117394,5,3,2
78,5,1,6.45445853447714,5,3,2
78,6,1,5.08830987202572,5,3,2
78,7,1,4.91716817242735,5,3,2
79,1,1,8.8653954289665,5,3,2
79,2,1,8.7145883897394,5,3,2
79,3,1,8.67448081412365,5,3,2
79,4,1,9.23651497404145,5,3,2
79,5,1,9.57678685981992,5,3,2
79,6,1,9.07027894007097,5,3,2
79,7,1,9.60010385579459,5,3,2
80,1,1,7.97514106161134,5,3,2
80,2,1,8.6846243203747,5,3,2
80,3,1,7.63181203817323,5,3,2
80,4,1,8.39568222719137,5,3,2
80,5,1,9.29475198109282,5,3,2
80,6,1,8.74422246313824,5,3,2
80,7,1,8.92965253327611,5,3,2
81,1,1,7.30267321325736,5,3,2
81,2,1,7.14208191027299,5,3,2
81,3,1,8.09573862088587,5,3,2
81,4,1,7.37388392094435,5,3,2
81,5,1,7.91622608444527,5,3,2
81,6,1,7.86633740956526,5,3,2
81,7,1,7.15677922497537,5,3,2
82,1,0,4.0168827896213,5,3,2
82,2,0,4.54925467285267,5,3,2
82,3,0,4.28211389341978,5,3,2
82,4,0,5.39707795813268,5,3,2
82,5,0,4.08913439116607,5,3,2
82,6,0,4.46176457991438,5,3,2
82,7,0,5.24325330114034,5,3,2
83,1,0,5.5538464722976,5,3,2
83,2,0,7.55657459366854,5,3,2
83,3,0,6.02378596649982,5,3,2
83,4,0,6.3821818564036,5,3,2
83,5,0,6.06205738670504,5,3,2
83,6,0,6.21174009245478,5,3,2
83,7,0,7.28390750361615,5,3,2
84,1,1,8.04489737545177,5,3,2
84,2,1,8.53689100472845,5,3,2
84,3,1,8.99600375971047,5,3,2
84,4,1,8.53124149982022,5,3,2
84,5,1,7.44971236485782,5,3,2
84,6,1,8.83639008621859,5,3,2
84,7,1,8.52409447102058,5,3,2
85,1,0,8.13762507811772,5,3,2
85,2,0,7.81239777754962,5,3,2
85,3,0,8.84047822554535,5,3,2
85,4,0,7.86619763936405,5,3,2
85,5,0,8.15993785655476,5,3,2
85,6,0,8.92486286111082,5,3,2
85,7,0,7.62339808252549,5,3,2
86,1,1,8.81682293848047,5,3,2
86,2,1,8.65514387619078,5,3,2
86,3,1,9.09784468609277,5,3,2
86,4,1,9.67024026491911,5,3,2
86,5,1,9.35363619276059,5,3,2
86,6,1,9.92822220386852,5,3,2
86,7,1,8.84972829695733,5,3,2
87,1,0,7.03172387160225,5,3,2
87,2,0,7.48820528195671,5,3,2
87,3,0,7.47264874377501,5,3,2
87,4,0,6.98920109502334,5,3,2
87,5,0,7.9212105152731,5,3,2
87,6,0,7.80593891954294,5,3,2
87,7,0,7.09769565030988,5,3,2
88,1,0,7.25628890335283,5,3,2
88,2,0,5.94615202430758,5,3,2
88,3,0,6.15979355707942,5,3,2
88,4,0,6.20581732105576,5,3,2
88,5,0,6.44492799794907,5,3,2
88,6,0,5.6235661769871,5,3,2
88,7,0,5.42787027709434,5,3,2
89,1,0,3.60639733871416,5,3,2
89,2,0,3.36762943745276,5,3,2
89,3,0,4.70503649034648,5,3,2
89,4,0,4.69235001980067,5,3,2
89,5,0,4.75181428446455,5,3,2
89,6,0,5.24588822491776,5,3,2
89,7,0,3.75644157167475,5,3,2
90,1,1,7.0168541922834,5,3,2
90,2,1,7.08557066646228,5,3,2
90,3,1,7.1876673162228,5,3,2
90,4,1,6.47762618106836,5,3,2
90,5,1,5.69281343463067,5,3,2
90,6,1,6.5310297708975,5,3,2
90,7,1,6.73280373819058,5,3,2
91,1,0,5.75542823795198,5,3,2
91,2,0,6.57815995111083,5,3,2
91,3,0,6.76787833908518,5,3,2
91,4,0,6.26232008884744,5,3,2
91,5,0,7.00487968864888,5,3,2
91,6,0,7.49407801593417,5,3,2
91,7,0,6.77394717427984,5,3,2
92,1,1,10.35533871511,5,3,2
92,2,1,10.8434719586542,5,3,2
92,3,1,11.4688857822495,5,3,2
92,4,1,10.3152474969101,5,3,2
92,5,1,10.2616612890921,5,3,2
92,6,1,11.5186731228634,5,3,2
92,7,1,10.5813162883923,5,3,2
93,1,0,7.09905626319046,5,3,2
93,2,0,6.93616926767694,5,3,2
93,3,0,6.35575512835532,5,3,2
93,4,0,6.16467973403683,5,3,2
93,5,0,6.82800605512904,5,3,2
93,6,0,6.95374147146019,5,3,2
93,7,0,7.15757199179428,5,3,2
94,1,0,4.41121374266644,5,3,2
94,2,0,4.3269050235152,5,3,2
94,3,0,4.44392595443467,5,3,2
94,4,0,4.17161216656228,5,3,2
94,5,0,4.47189472699734,5,3,2
94,6,0,3.60228768492887,5,3,2
94,7,0,3.7443962336162,5,3,2
95,1,1,10.483483100434,5,3,2
95,2,1,10.8407894603155,5,3,2
95,3,1,12.2332253789963,5,3,2
95,4,1,11.1841661876736,5,3,2
95,5,1,10.6601897265633,5,3,2
95,6,1,10.1751215339009,5,3,2
95,7,1,10.2421149532433,5,3,2
96,1,1,10.7349323209068,5,3,2
96,2,1,10.7755062609462,5,3,2
96,3,1,10.825265965177,5,3,2
96,4,1,10.6718455738409,5,3,2
96,5,1,10.6210435412183,5,3,2
96,6,1,11.4307747002715,5,3,2
96,7,1,10.4848252408003,5,3,2
97,1,1,7.16039417833498,5,3,2
97,2,1,7.17769373507566,5,3,2
97,3,1,6.93990828361098,5,3,2
97,4,1,6.88582960164664,5,3,2
97,5,1,7.00841998125348,5,3,2
97,6,1,6.7932285947124,5,3,2
97,7,1,6.52921987476817,5,3,2
98,1,1,7.59992659144993,5,3,2
98,2,1,6.57199221493007,5,3,2
98,3,1,7.306523070898,5,3,2
98,4,1,7.07218193698555,5,3,2
98,5,1,6.89783222508915,5,3,2
98,6,1,6.52429613681342,5,3,2
98,7,1,6.94904033876958,5,3,2
99,1,0,5.89960289532816,5,3,2
99,2,0,6.33335205605299,5,3,2
99,3,0,5.35025569516665,5,3,2
99,4,0,6.09265082275878,5,3,2
99,5,0,5.82869816988729,5,3,2
99,6,0,5.78356484936334,5,3,2
99,7,0,6.23712238744026,5,3,2
100,1,1,5.8973217694604,5,3,2
100,2,1,5.408130083578,5,3,2
100,3,1,4.5705342179715,5,3,2
100,4,1,4.90340533021015,5,3,2
100,5,1,4.86176716254711,5,3,2
100,6,1,4.76212216498814,5,3,2
100,7,1,5.44983902381391,5,3,2
101,1,0,5.60465572802799,5,3,2
101,2,0,5.58711685451484,5,3,2
101,3,0,6.08067887010714,5,3,2
101,4,0,6.56972832571669,5,3,2
101,5,0,5.96856518761556,5,3,2
101,6,0,5.15681820449837,5,3,2
101,7,0,4.83649317606215,5,3,2
102,1,0,5.27985994002632,5,3,2
102,2,0,6.00592162326647,5,3,2
102,3,0,5.16301469364074,5,3,2
102,4,0,5.85704596509333,5,3,2
102,5,0,5.73684769153383,5,3,2
102,6,0,4.96574338024352,5,3,2
102,7,0,5.66456280475474,5,3,2
103,1,0,2.21107127728932,5,3,2
103,2,0,1.61572337626532,5,3,2
103,3,0,2.36420772923756,5,3,2
103,4,0,1.85498100535829,5,3,2
103,5,0,2.59036038562201,5,3,2
103,6,0,2.27363410902532,5,3,2
103,7,0,2.24280377889547,5,3,2
104,1,1,6.51691610127886,5,3,2
104,2,1,5.82561749473127,5,3,2
104,3,1,6.9346373100804,5,3,2
104,4,1,5.51447929149563,5,3,2
104,5,1,6.83030969919539,5,3,2
104,6,1,6.12260431118461,5,3,2
104,7,1,6.40339646656451,5,3,2
105,1,1,10.12939024062,5,3,2
105,2,1,10.3796188167278,5,3,2
105,3,1,10.1805843040371,5,3,2
105,4,1,9.19006440923343,5,3,2
105,5,1,9.60415081546327,5,3,2
105,6,1,10.239718229959,5,3,2
105,7,1,10.1599137562613,5,3,2
106,1,0,5.44765476592618,5,3,2
106,2,0,5.12116808374416,5,3,2
106,3,0,6.1026186913845,5,3,2
106,4,0,5.50630495156704,5,3,2
106,5,0,5.69895144455417,5,3,2
106,6,0,5.03110413453578,5,3,2
106,7,0,6.50220930451854,5,3,2
107,1,0,8.71562086044892,5,3,2
107,2,0,8.07467337420238,5,3,2
107,3,0,8.66007898806498,5,3,2
107,4,0,9.03935363154682,5,3,2
107,5,0,8.44170051080498,5,3,2
107,6,0,9.7048671916618,5,3,2
107,7,0,8.24348144693255,5,3,2
108,1,1,6.52662794568451,5,3,2
108,2,1,5.68795245103421,5,3,2
108,3,1,5.84764126046892,5,3,2
108,4,1,6.43444805662882,5,3,2
108,5,1,5.59387419907006,5,3,2
108,6,1,5.83435214695428,5,3,2
108,7,1,5.98101056913638,5,3,2
109,1,0,6.39154694532923,5,3,2
109,2,0,5.69256207748653,5,3,2
109,3,0,5.87828643871068,5,3,2
109,4,0,6.95525602239987,5,3,2
109,5,0,5.09432862028058,5,3,2
109,6,0,5.6462773259377,5,3,2
109,7,0,5.51831846813522,5,3,2
110,1,0,7.91802552176094,5,3,2
110,2,0,7.71585350823815,5,3,2
110,3,0,7.99587154465507,5,3,2
110,4,0,7.34425313370067,5,3,2
110,5,0,7.28813038336291,5,3,2
110,6,0,8.26551631819524,5,3,2
110,7,0,7.34330859906738,5,3,2
111,1,1,5.80934550506872,5,3,2
111,2,1,6.50041978854476,5,3,2
111,3,1,6.1481845015246,5,3,2
111,4,1,5.09235640880298,5,3,2
111,5,1,5.32415634649159,5,3,2
111,6,1,5.75831237778066,5,3,2
111,7,1,6.21707353102522,5,3,2
112,1,0,2.23231156943076,5,3,2
112,2,0,1.77382470503473,5,3,2
112,3,0,1.95070495837306,5,3,2
112,4,0,1.9797442058987,5,3,2
112,5,0,2.27368976697422,5,3,2
112,6,0,1.3470772251934,5,3,2
112,7,0,2.29693282666799,5,3,2
113,1,0,7.35364150245897,5,3,2
113,2,0,6.74877701248505,5,3,2
113,3,0,6.14212827251133,5,3,2
113,4,0,6.49732822919436,5,3,2
113,5,0,7.12340475194768,5,3,2
113,6,0,5.9686239304522,5,3,2
113,7,0,6.76558232740357,5,3,2
114,1,0,6.06942630154003,5,3,2
114,2,0,5.87090234818084,5,3,2
114,3,0,6.15679495046249,5,3,2
114,4,0,6.22183259252048,5,3,2
114,5,0,6.06191520351755,5,3,2
114,6,0,5.1364102149752,5,3,2
114,7,0,5.60369284595415,5,3,2
115,1,1,6.46450936258024,5,3,2
115,2,1,6.59333501874105,5,3,2
115,3,1,7.15848435149271,5,3,2
115,4,1,6.89978392073965,5,3,2
115,5,1,6.70810948296138,5,3,2
115,6,1,7.187321768704,5,3,2
115,7,1,7.08741262948646,5,3,2
116,1,0,6.91917044114402,5,3,2
116,2,0,6.41347850214503,5,3,2
116,3,0,6.44306068372711,5,3,2
116,4,0,6.69984509926475,5,3,2
116,5,0,6.23558619098531,5,3,2
116,6,0,6.10105781971348,5,3,2
116,7,0,5.84148974077923,5,3,2
117,1,1,9.59573301632166,5,3,2
117,2,1,9.19559198557907,5,3,2
117,3,1,10.257124824683,5,3,2
117,4,1,10.165657854381,5,3,2
117,5,1,8.94244048993867,5,3,2
117,6,1,9.32924501468987,5,3,2
117,7,1,9.93388400106797,5,3,2
118,1,0,4.04179469174228,5,3,2
118,2,0,3.85505544700374,5,3,2
118,3,0,3.80673405336234,5,3,2
118,4,0,5.1045535138371,5,3,2
118,5,0,4.49829491666,5,3,2
118,6,0,3.29988556517425,5,3,2
118,7,0,4.67066047727997,5,3,2
119,1,1,7.52963806492457,5,3,2
119,2,1,7.7458931728834,5,3,2
119,3,1,7.18038126608553,5,3,2
119,4,1,7.09104009418946,5,3,2
119,5,1,7.24506811173304,5,3,2
119,6,1,8.49871032352952,5,3,2
119,7,1,6.65652563141676,5,3,2
120,1,1,8.73459652141564,5,3,2
120,2,1,7.13401057251333,5,3,2
120,3,1,7.69564429207604,5,3,2
120,4,1,7.56712253845434,5,3,2
120,5,1,7.85125221337413,5,3,2
120,6,1,7.66615113107038,5,3,2
120,7,1,7.8118626829191,5,3,2
121,1,1,12.4816576451862,5,3,2
121,2,1,12.8114811145605,5,3,2
121,3,1,11.6408360745988,5,3,2
121,4,1,12.8489719629402,5,3,2
121,5,1,12.9250331552356,5,3,2
121,6,1,12.2232502000572,5,3,2
121,7,1,12.3202693607765,5,3,2
122,1,1,7.22326499567633,5,3,2
122,2,1,6.02275247650076,5,3,2
122,3,1,6.71779945961132,5,3,2
122,4,1,6.04703422161414,5,3,2
122,5,1,5.96221713132723,5,3,2
122,6,1,6.46593468127389,5,3,2
122,7,1,7.03237911688098,5,3,2
123,1,1,7.34256199598398,5,3,2
123,2,1,8.16181357108207,5,3,2
123,3,1,7.50647223284244,5,3,2
123,4,1,8.39704196281055,5,3,2
123,5,1,6.99793166809635,5,3,2
123,6,1,7.3747583327499,5,3,2
123,7,1,8.097533034889,5,3,2
124,1,1,8.37559968837459,5,3,2
124,2,1,8.2694082651093,5,3,2
124,3,1,8.54114466805514,5,3,2
124,4,1,9.90049415283869,5,3,2
124,5,1,8.8521779959999,5,3,2
124,6,1,9.01032326543679,5,3,2
124,7,1,8.64936265002256,5,3,2
125,1,0,8.90008179244286,5,3,2
125,2,0,9.36065490728815,5,3,2
125,3,0,8.84477819553817,5,3,2
125,4,0,9.13135182628673,5,3,2
125,5,0,8.6765272479995,5,3,2
125,6,0,8.28016607714987,5,3,2
125,7,0,8.22000556706159,5,3,2
126,1,0,2.72312232392309,5,3,2
126,2,0,3.81971272432864,5,3,2
126,3,0,4.26897592696545,5,3,2
126,4,0,3.48351082508498,5,3,2
126,5,0,3.06227248908184,5,3,2
126,6,0,3.01127109834659,5,3,2
126,7,0,3.97975651542382,5,3,2
127,1,1,8.19518531019736,5,3,2
127,2,1,7.66887584885318,5,3,2
127,3,1,9.23593078235127,5,3,2
127,4,1,8.09309651560288,5,3,2
127,5,1,7.94698650926801,5,3,2
127,6,1,7.92964569970589,5,3,2
127,7,1,8.0755882533538,5,3,2
128,1,0,4.5761000872466,5,3,2
128,2,0,3.21095877328038,5,3,2
128,3,0,3.66617967307613,5,3,2
128,4,0,4.25042708416618,5,3,2
128,5,0,3.78710238596861,5,3,2
128,6,0,4.11309769276142,5,3,2
128,7,0,3.26758342395264,5,3,2
129,1,0,4.85542209027817,5,3,2
129,2,0,6.32146889125789,5,3,2
129,3,0,5.05438948625615,5,3,2
129,4,0,5.65126862790646,5,3,2
129,5,0,5.54973580614789,5,3,2
129,6,0,6.69423620377717,5,3,2
129,7,0,5.80569899050088,5,3,2
130,1,1,6.39623893919083,5,3,2
130,2,1,5.61813359784636,5,3,2
130,3,1,7.39407070460807,5,3,2
130,4,1,5.41452553112731,5,3,2
130,5,1,5.88335502944879,5,3,2
130,6,1,5.87459848696634,5,3,2
130,7,1,6.09577432218621,5,3,2
131,1,1,7.69294026960227,5,3,2
131,2,1,7.84837296915889,5,3,2
131,3,1,8.16350341538543,5,3,2
131,4,1,7.81603534692228,5,3,2
131,5,1,7.44540513752602,5,3,2
131,6,1,7.75388146483932,5,3,2
131,7,1,7.95078933113314,5,3,2
132,1,1,9.42983065623828,5,3,2
132,2,1,9.36596255777411,5,3,2
132,3,1,8.60877664903773,5,3,2
132,4,1,9.62987141255213,5,3,2
132,5,1,10.1165630945583,5,3,2
132,6,1,9.97306561777314,5,3,2
132,7,1,8.71712070630694,5,3,2
133,1,1,6.77714632312847,5,3,2
133,2,1,7.34166162704191,5,3,2
133,3,1,7.30526016912372,5,3,2
133,4,1,8.23833023571615,5,3,2
133,5,1,6.69699244956344,5,3,2
133,6,1,7.15039637307111,5,3,2
133,7,1,7.29789506040041,5,3,2
134,1,0,5.6160493346583,5,3,2
134,2,0,5.34403804844663,5,3,2
134,3,0,5.77959987708272,5,3,2
134,4,0,4.93217925110362,5,3,2
134,5,0,5.23112505031113,5,3,2
134,6,0,5.90784488384415,5,3,2
134,7,0,4.90790441403604,5,3,2
135,1,0,5.2455508098626,5,3,2
135,2,0,6.09294371938598,5,3,2
135,3,0,7.14620994259119,5,3,2
135,4,0,5.61398610274753,5,3,2
135,5,0,6.4675867756311,5,3,2
135,6,0,6.41438069714642,5,3,2
135,7,0,6.50571682824871,5,3,2
136,1,0,6.0434242950186,5,3,2
136,2,0,5.65339488855431,5,3,2
136,3,0,5.59201741309251,5,3,2
136,4,0,5.72952935554313,5,3,2
136,5,0,5.96566374667479,5,3,2
136,6,0,6.68258251026733,5,3,2
136,7,0,6.41163980750761,5,3,2
137,1,0,7.26346896985737,5,3,2
137,2,0,7.16172150919032,5,3,2
137,3,0,7.10945976294247,5,3,2
137,4,0,8.19802614762691,5,3,2
137,5,0,6.60757648652338,5,3,2
137,6,0,7.33631232726958,5,3,2
137,7,0,6.57251648631495,5,3,2
138,1,1,8.39438294721183,5,3,2
138,2,1,8.88833175114837,5,3,2
138,3,1,7.31211627396411,5,3,2
138,4,1,8.62584454047333,5,3,2
138,5,1,8.31340351478348,5,3,2
138,6,1,8.09765881872551,5,3,2
138,7,1,8.40422385179035,5,3,2
139,1,0,4.4966903396153,5,3,2
139,2,0,4.67603797662082,5,3,2
139,3,0,4.85724521627829,5,3,2
139,4,0,4.05770086928849,5,3,2
139,5,0,4.10948137166435,5,3,2
139,6,0,3.05356316341773,5,3,2
139,7,0,3.63260581653463,5,3,2
140,1,1,8.72191941180688,5,3,2
140,2,1,9.17938247697774,5,3,2
140,3,1,8.97310191839678,5,3,2
140,4,1,8.73758155755733,5,3,2
140,5,1,8.68909084823974,5,3,2
140,6,1,8.84779549556563,5,3,2
140,7,1,8.45365151663066,5,3,2
141,1,0,3.15159010603405,5,3,2
141,2,0,2.11983561133643,5,3,2
141,3,0,1.76518110124912,5,3,2
141,4,0,2.49268727458859,5,3,2
141,5,0,3.14396644474337,5,3,2
141,6,0,2.37874041656701,5,3,2
141,7,0,2.32302815847549,5,3,2
142,1,1,8.96612727545199,5,3,2
142,2,1,8.70252830404295,5,3,2
142,3,1,9.57949856579509,5,3,2
142,4,1,9.8197240457802,5,3,2
142,5,1,8.87705229986355,5,3,2
142,6,1,9.2117340546131,5,3,2
142,7,1,9.27130502597822,5,3,2
143,1,1,8.74374217139874,5,3,2
143,2,1,7.86014841884626,5,3,2
143,3,1,7.3352056721864,5,3,2
143,4,1,8.33659978038403,5,3,2
143,5,1,8.71737620323268,5,3,2
143,6,1,9.33039420834683,5,3,2
143,7,1,8.6889355498025,5,3,2
144,1,0,0.556297540902607,5,3,2
144,2,0,1.55544962535489,5,3,2
144,3,0,1.04446862279411,5,3,2
144,4,0,0.688682859019823,5,3,2
144,5,0,1.22221061036249,5,3,2
144,6,0,0.56762860242835,5,3,2
144,7,0,1.17090695575851,5,3,2
145,1,0,3.48551737544754,5,3,2
145,2,0,3.36048445714668,5,3,2
145,3,0,3.18725697894916,5,3,2
145,4,0,2.91459594779026,5,3,2
145,5,0,2.69784723735356,5,3,2
145,6,0,2.89910262980351,5,3,2
145,7,0,2.67971485464497,5,3,2
146,1,1,5.86582432652287,5,3,2
146,2,1,5.02532756603032,5,3,2
146,3,1,6.25971694298074,5,3,2
146,4,1,5.02332964143831,5,3,2
146,5,1,4.42263872694816,5,3,2
146,6,1,4.04087631677021,5,3,2
146,7,1,4.51461521392337,5,3,2
147,1,0,1.79911274595296,5,3,2
147,2,0,2.16083910154617,5,3,2
147,3,0,1.25263581498691,5,3,2
147,4,0,0.836800256042903,5,3,2
147,5,0,1.72633184274359,5,3,2
147,6,0,0.165446008957721,5,3,2
147,7,0,0.838724165397067,5,3,2
148,1,0,6.31718026479665,5,3,2
148,2,0,6.77897317742585,5,3,2
148,3,0,7.01056183692929,5,3,2
148,4,0,7.28837644649273,5,3,2
148,5,0,5.71983208492109,5,3,2
148,6,0,5.89747622769128,5,3,2
148,7,0,6.9016943219242,5,3,2
149,1,0,1.828629688229,5,3,2
149,2,0,1.06062788920424,5,3,2
149,3,0,1.34112786708716,5,3,2
149,4,0,1.27214027725737,5,3,2
149,5,0,1.89974893324975,5,3,2
149,6,0,1.97716335502012,5,3,2
149,7,0,1.93183914074618,5,3,2
150,1,1,8.89170445605338,5,3,2
150,2,1,8.63826186503349,5,3,2
150,3,1,8.98020394961805,5,3,2
150,4,1,8.36970600466653,5,3,2
150,5,1,8.34505647250083,5,3,2
150,6,1,9.14874329884647,5,3,2
150,7,1,9.4305733996155,5,3,2
151,1,1,7.5979686991194,5,3,2
151,2,1,7.31110444621607,5,3,2
151,3,1,7.92421875298332,5,3,2
151,4,1,7.70032591331227,5,3,2
151,5,1,6.67419418272249,5,3,2
151,6,1,7.93329186536276,5,3,2
151,7,1,8.22829364708723,5,3,2
